Dynamical matrix file
File generated with the CellConstructor by Lorenzo Monacelli
3 5 0     1.8897259890000000     0.0000000000000000     0.0000000000000000     0.0000000000000000     0.0000000000000000     0.0000000000000000
Basis vectors
    4.0008305450633186     0.0000000000000000     0.0000000000000000
    0.0000000000000000     4.0008305450633186     0.0000000000000000
    0.0000000000000000     0.0000000000000000     4.0008305450633186
	1  'Ba '  125165.9077335107867839
	2  'Ti '  43628.1030349454958923
	3  'O '  14582.1969301625977096
    1     1     0.0000000000000000     0.0000000000000000     0.0000000000000000
    2     2     2.0004152725316593     2.0004152725316593     2.0004152725316593
    3     3     0.0000000000000000     2.0004152725316593     2.0004152725316593
    4     3     2.0004152725316593     0.0000000000000000     2.0004152725316593
    5     3     2.0004152725316593     2.0004152725316593     0.0000000000000000

     Dynamical Matrix in cartesian axes

     q = (     0.083316033904     0.083316033904    -0.083316033904 )

    1    1
     0.1825308507242882     0.0000000000000000        0.0058630961127761     0.0000000000000000       -0.0058630961127761     0.0000000000000000
     0.0058630961127761     0.0000000000000000        0.1825308507242882     0.0000000000000000       -0.0058630961127761     0.0000000000000000
    -0.0058630961127761     0.0000000000000000       -0.0058630961127761     0.0000000000000000        0.1825308507242882     0.0000000000000000
    1    2
    -0.0055990789465170     0.0096978898637161        0.0343877434401508    -0.0595613228050225       -0.0343877434401508     0.0595613228050225
     0.0343877434401508    -0.0595613228050225       -0.0055990789465170     0.0096978898637161       -0.0343877434401508     0.0595613228050225
    -0.0343877434401508     0.0595613228050225       -0.0343877434401508     0.0595613228050225       -0.0055990789465170     0.0096978898637161
    1    3
    -0.0202006237726665     0.0000000000000000       -0.0040531021212072     0.0000000000000000        0.0040531021212072     0.0000000000000000
    -0.0086375797033325    -0.0000000000000000       -0.0040384921667805     0.0000000000000000        0.0009017256948853    -0.0000000000000000
     0.0086375797033325     0.0000000000000000        0.0009017256948853    -0.0000000000000000       -0.0040384921667805     0.0000000000000000
    1    4
    -0.0040384921667805     0.0000000000000000       -0.0086375797033325    -0.0000000000000000        0.0009017256948853    -0.0000000000000000
    -0.0040531021212072     0.0000000000000000       -0.0202006237726665     0.0000000000000000        0.0040531021212072     0.0000000000000000
     0.0009017256948853    -0.0000000000000000        0.0086375797033325     0.0000000000000000       -0.0040384921667805     0.0000000000000000
    1    5
     0.0020192462872617     0.0034974366917111        0.0004508628929636     0.0007809173327343       -0.0043187902877091    -0.0074803631985493
     0.0004508628929636     0.0007809173327343        0.0020192462872617     0.0034974366917111       -0.0043187902877091    -0.0074803631985493
    -0.0020265512652126    -0.0035100892829670       -0.0020265512652126    -0.0035100892829670        0.0101003129061024     0.0174942527706569
    2    1
    -0.0055990789465170    -0.0096978898637161        0.0343877434401508     0.0595613228050225       -0.0343877434401508    -0.0595613228050225
     0.0343877434401508     0.0595613228050225       -0.0055990789465170    -0.0096978898637161       -0.0343877434401508    -0.0595613228050225
    -0.0343877434401508    -0.0595613228050225       -0.0343877434401508    -0.0595613228050225       -0.0055990789465170    -0.0096978898637161
    2    2
     0.4238858648304350     0.0000000000000000        0.0022209625903852     0.0000000000000000       -0.0022209625903852     0.0000000000000000
     0.0022209625903852     0.0000000000000000        0.4238858648304350     0.0000000000000000       -0.0022209625903852     0.0000000000000000
    -0.0022209625903852     0.0000000000000000       -0.0022209625903852     0.0000000000000000        0.4238858648304350     0.0000000000000000
    2    3
     0.0076376772977321     0.0132288460219133       -0.0007677475450415    -0.0013297778449047        0.0007677475450415     0.0013297778449047
    -0.0104247993965805    -0.0180562834289488       -0.0225349794964279    -0.0390317320625393        0.0007518079375822     0.0013021696330741
     0.0104247993965805     0.0180562834289488        0.0007518079375822     0.0013021696330741       -0.0225349794964279    -0.0390317320625393
    2    4
    -0.0225349794964279    -0.0390317320625393       -0.0104247993965805    -0.0180562834289488        0.0007518079375822     0.0013021696330741
    -0.0007677475450415    -0.0013297778449047        0.0076376772977321     0.0132288460219133        0.0007677475450415     0.0013297778449047
     0.0007518079375822     0.0013021696330741        0.0104247993965805     0.0180562834289488       -0.0225349794964279    -0.0390317320625393
    2    5
    -0.0225349794964279     0.0390317320625393       -0.0007518079375822     0.0013021696330741        0.0104247993965805    -0.0180562834289488
    -0.0007518079375822     0.0013021696330741       -0.0225349794964279     0.0390317320625393        0.0104247993965805    -0.0180562834289488
     0.0007677475450415    -0.0013297778449047        0.0007677475450415    -0.0013297778449047        0.0076376772977321    -0.0132288460219133
    3    1
    -0.0202006237726665     0.0000000000000000       -0.0086375797033325     0.0000000000000000        0.0086375797033325    -0.0000000000000000
    -0.0040531021212072     0.0000000000000000       -0.0040384921667805     0.0000000000000000        0.0009017256948853     0.0000000000000000
     0.0040531021212072     0.0000000000000000        0.0009017256948853     0.0000000000000000       -0.0040384921667805     0.0000000000000000
    3    2
     0.0076376772977321    -0.0132288460219133       -0.0104247993965805     0.0180562834289488        0.0104247993965805    -0.0180562834289488
    -0.0007677475450415     0.0013297778449047       -0.0225349794964279     0.0390317320625393        0.0007518079375822    -0.0013021696330741
     0.0007677475450415    -0.0013297778449047        0.0007518079375822    -0.0013021696330741       -0.0225349794964279     0.0390317320625393
    3    3
     0.3400353799362485     0.0000000000000000        0.0072557999270733     0.0000000000000000       -0.0072557999270733     0.0000000000000000
     0.0072557999270733     0.0000000000000000        0.1367817883288150     0.0000000000000000       -0.0076628236728191     0.0000000000000000
    -0.0072557999270733     0.0000000000000000       -0.0076628236728191     0.0000000000000000        0.1367817883288150     0.0000000000000000
    3    4
    -0.0222199046096146     0.0000000000000000        0.1239558166928347     0.0000000000000000       -0.0029944910113472     0.0000000000000000
     0.0618257533932112     0.0000000000000000       -0.0222199046096146     0.0000000000000000       -0.0018514598014400     0.0000000000000000
    -0.0018514598014400     0.0000000000000000       -0.0029944910113472     0.0000000000000000        0.0082134303643625     0.0000000000000000
    3    5
     0.0111099534265139     0.0192430012139755       -0.0014972456568417    -0.0025933051999539        0.0619779146039628     0.1073488825900463
    -0.0009257299941855    -0.0016034111681704       -0.0041067155968121    -0.0071130391083651        0.0014972456568417     0.0025933051999539
     0.0309128798176972     0.0535426712446696        0.0009257299941855     0.0016034111681704        0.0111099534265139     0.0192430012139755
    4    1
    -0.0040384921667805     0.0000000000000000       -0.0040531021212072     0.0000000000000000        0.0009017256948853     0.0000000000000000
    -0.0086375797033325     0.0000000000000000       -0.0202006237726665     0.0000000000000000        0.0086375797033325    -0.0000000000000000
     0.0009017256948853     0.0000000000000000        0.0040531021212072     0.0000000000000000       -0.0040384921667805     0.0000000000000000
    4    2
    -0.0225349794964279     0.0390317320625393       -0.0007677475450415     0.0013297778449047        0.0007518079375822    -0.0013021696330741
    -0.0104247993965805     0.0180562834289488        0.0076376772977321    -0.0132288460219133        0.0104247993965805    -0.0180562834289488
     0.0007518079375822    -0.0013021696330741        0.0007677475450415    -0.0013297778449047       -0.0225349794964279     0.0390317320625393
    4    3
    -0.0222199046096146    -0.0000000000000000        0.0618257533932112     0.0000000000000000       -0.0018514598014400     0.0000000000000000
     0.1239558166928347     0.0000000000000000       -0.0222199046096146    -0.0000000000000000       -0.0029944910113472    -0.0000000000000000
    -0.0029944910113472    -0.0000000000000000       -0.0018514598014400     0.0000000000000000        0.0082134303643625     0.0000000000000000
    4    4
     0.1367817883288150     0.0000000000000000        0.0072557999270733     0.0000000000000000       -0.0076628236728191     0.0000000000000000
     0.0072557999270733     0.0000000000000000        0.3400353799362485     0.0000000000000000       -0.0072557999270733     0.0000000000000000
    -0.0076628236728191     0.0000000000000000       -0.0072557999270733     0.0000000000000000        0.1367817883288150     0.0000000000000000
    4    5
    -0.0041067155968121    -0.0071130391083651       -0.0009257299941855    -0.0016034111681704        0.0014972456568417     0.0025933051999539
    -0.0014972456568417    -0.0025933051999539        0.0111099534265139     0.0192430012139755        0.0619779146039628     0.1073488825900463
     0.0009257299941855     0.0016034111681704        0.0309128798176972     0.0535426712446696        0.0111099534265139     0.0192430012139755
    5    1
     0.0020192462872617    -0.0034974366917111        0.0004508628929636    -0.0007809173327343       -0.0020265512652126     0.0035100892829670
     0.0004508628929636    -0.0007809173327343        0.0020192462872617    -0.0034974366917111       -0.0020265512652126     0.0035100892829670
    -0.0043187902877091     0.0074803631985493       -0.0043187902877091     0.0074803631985493        0.0101003129061024    -0.0174942527706569
    5    2
    -0.0225349794964279    -0.0390317320625393       -0.0007518079375822    -0.0013021696330741        0.0007677475450415     0.0013297778449047
    -0.0007518079375822    -0.0013021696330741       -0.0225349794964279    -0.0390317320625393        0.0007677475450415     0.0013297778449047
     0.0104247993965805     0.0180562834289488        0.0104247993965805     0.0180562834289488        0.0076376772977321     0.0132288460219133
    5    3
     0.0111099534265139    -0.0192430012139755       -0.0009257299941855     0.0016034111681704        0.0309128798176972    -0.0535426712446696
    -0.0014972456568417     0.0025933051999539       -0.0041067155968121     0.0071130391083651        0.0009257299941855    -0.0016034111681704
     0.0619779146039628    -0.1073488825900463        0.0014972456568417    -0.0025933051999539        0.0111099534265139    -0.0192430012139755
    5    4
    -0.0041067155968121     0.0071130391083651       -0.0014972456568417     0.0025933051999539        0.0009257299941855    -0.0016034111681704
    -0.0009257299941855     0.0016034111681704        0.0111099534265139    -0.0192430012139755        0.0309128798176972    -0.0535426712446696
     0.0014972456568417    -0.0025933051999539        0.0619779146039628    -0.1073488825900463        0.0111099534265139    -0.0192430012139755
    5    5
     0.1367817883288150     0.0000000000000000        0.0076628236728191     0.0000000000000000       -0.0072557999270733     0.0000000000000000
     0.0076628236728191     0.0000000000000000        0.1367817883288150     0.0000000000000000       -0.0072557999270733     0.0000000000000000
    -0.0072557999270733     0.0000000000000000       -0.0072557999270733     0.0000000000000000        0.3400353799362485     0.0000000000000000

     Dynamical Matrix in cartesian axes

     q = (    -0.083316033904    -0.083316033904    -0.083316033904 )

    1    1
     0.1825308507242882     0.0000000000000000        0.0058630961127761     0.0000000000000000        0.0058630961127761     0.0000000000000000
     0.0058630961127761     0.0000000000000000        0.1825308507242882     0.0000000000000000        0.0058630961127761     0.0000000000000000
     0.0058630961127761     0.0000000000000000        0.0058630961127761     0.0000000000000000        0.1825308507242882     0.0000000000000000
    1    2
     0.0111981584583402     0.0000000009791390       -0.0687754903522301    -0.0000000060135570       -0.0687754903522301    -0.0000000060135570
    -0.0687754903522301    -0.0000000060135570        0.0111981584583402     0.0000000009791390       -0.0687754903522301    -0.0000000060135570
    -0.0687754903522301    -0.0000000060135570       -0.0687754903522301    -0.0000000060135570        0.0111981584583402     0.0000000009791390
    1    3
     0.0101003129061024    -0.0174942527706569        0.0020265512652126    -0.0035100892829670        0.0020265512652126    -0.0035100892829670
     0.0043187902877091    -0.0074803631985493        0.0020192462872617    -0.0034974366917111        0.0004508628929636    -0.0007809173327343
     0.0043187902877091    -0.0074803631985493        0.0004508628929636    -0.0007809173327343        0.0020192462872617    -0.0034974366917111
    1    4
     0.0020192462872617    -0.0034974366917111        0.0043187902877091    -0.0074803631985493        0.0004508628929636    -0.0007809173327343
     0.0020265512652126    -0.0035100892829670        0.0101003129061024    -0.0174942527706569        0.0020265512652126    -0.0035100892829670
     0.0004508628929636    -0.0007809173327343        0.0043187902877091    -0.0074803631985493        0.0020192462872617    -0.0034974366917111
    1    5
     0.0020192462872617    -0.0034974366917111        0.0004508628929636    -0.0007809173327343        0.0043187902877091    -0.0074803631985493
     0.0004508628929636    -0.0007809173327343        0.0020192462872617    -0.0034974366917111        0.0043187902877091    -0.0074803631985493
     0.0020265512652126    -0.0035100892829670        0.0020265512652126    -0.0035100892829670        0.0101003129061024    -0.0174942527706569
    2    1
     0.0111981584583402    -0.0000000009791390       -0.0687754903522301     0.0000000060135570       -0.0687754903522301     0.0000000060135570
    -0.0687754903522301     0.0000000060135570        0.0111981584583402    -0.0000000009791390       -0.0687754903522301     0.0000000060135570
    -0.0687754903522301     0.0000000060135570       -0.0687754903522301     0.0000000060135570        0.0111981584583402    -0.0000000009791390
    2    2
     0.4238858648304350     0.0000000000000000        0.0022209625903852     0.0000000000000000        0.0022209625903852     0.0000000000000000
     0.0022209625903852     0.0000000000000000        0.4238858648304350     0.0000000000000000        0.0022209625903852     0.0000000000000000
     0.0022209625903852     0.0000000000000000        0.0022209625903852     0.0000000000000000        0.4238858648304350     0.0000000000000000
    2    3
     0.0076376772977321    -0.0132288460219133       -0.0007677475450415     0.0013297778449047       -0.0007677475450415     0.0013297778449047
    -0.0104247993965805     0.0180562834289488       -0.0225349794964279     0.0390317320625393       -0.0007518079375822     0.0013021696330741
    -0.0104247993965805     0.0180562834289488       -0.0007518079375822     0.0013021696330741       -0.0225349794964279     0.0390317320625393
    2    4
    -0.0225349794964279     0.0390317320625393       -0.0104247993965805     0.0180562834289488       -0.0007518079375822     0.0013021696330741
    -0.0007677475450415     0.0013297778449047        0.0076376772977321    -0.0132288460219133       -0.0007677475450415     0.0013297778449047
    -0.0007518079375822     0.0013021696330741       -0.0104247993965805     0.0180562834289488       -0.0225349794964279     0.0390317320625393
    2    5
    -0.0225349794964279     0.0390317320625393       -0.0007518079375822     0.0013021696330741       -0.0104247993965805     0.0180562834289488
    -0.0007518079375822     0.0013021696330741       -0.0225349794964279     0.0390317320625393       -0.0104247993965805     0.0180562834289488
    -0.0007677475450415     0.0013297778449047       -0.0007677475450415     0.0013297778449047        0.0076376772977321    -0.0132288460219133
    3    1
     0.0101003129061024     0.0174942527706569        0.0043187902877091     0.0074803631985493        0.0043187902877091     0.0074803631985493
     0.0020265512652126     0.0035100892829670        0.0020192462872617     0.0034974366917111        0.0004508628929636     0.0007809173327343
     0.0020265512652126     0.0035100892829670        0.0004508628929636     0.0007809173327343        0.0020192462872617     0.0034974366917111
    3    2
     0.0076376772977321     0.0132288460219133       -0.0104247993965805    -0.0180562834289488       -0.0104247993965805    -0.0180562834289488
    -0.0007677475450415    -0.0013297778449047       -0.0225349794964279    -0.0390317320625393       -0.0007518079375822    -0.0013021696330741
    -0.0007677475450415    -0.0013297778449047       -0.0007518079375822    -0.0013021696330741       -0.0225349794964279    -0.0390317320625393
    3    3
     0.3400353799362485     0.0000000000000000        0.0072557999270733     0.0000000000000000        0.0072557999270733     0.0000000000000000
     0.0072557999270733     0.0000000000000000        0.1367817883288150     0.0000000000000000        0.0076628236728191     0.0000000000000000
     0.0072557999270733     0.0000000000000000        0.0076628236728191     0.0000000000000000        0.1367817883288150     0.0000000000000000
    3    4
    -0.0222199046096146     0.0000000000000000        0.1239558166928347     0.0000000000000000        0.0029944910113472    -0.0000000000000000
     0.0618257533932112     0.0000000000000000       -0.0222199046096146     0.0000000000000000        0.0018514598014400    -0.0000000000000000
     0.0018514598014400    -0.0000000000000000        0.0029944910113472    -0.0000000000000000        0.0082134303643625     0.0000000000000000
    3    5
    -0.0222199046096146    -0.0000000000000000        0.0029944910113472    -0.0000000000000000        0.1239558166928347     0.0000000000000000
     0.0018514598014400    -0.0000000000000000        0.0082134303643625     0.0000000000000000        0.0029944910113472    -0.0000000000000000
     0.0618257533932112     0.0000000000000000        0.0018514598014400    -0.0000000000000000       -0.0222199046096146    -0.0000000000000000
    4    1
     0.0020192462872617     0.0034974366917111        0.0020265512652126     0.0035100892829670        0.0004508628929636     0.0007809173327343
     0.0043187902877091     0.0074803631985493        0.0101003129061024     0.0174942527706569        0.0043187902877091     0.0074803631985493
     0.0004508628929636     0.0007809173327343        0.0020265512652126     0.0035100892829670        0.0020192462872617     0.0034974366917111
    4    2
    -0.0225349794964279    -0.0390317320625393       -0.0007677475450415    -0.0013297778449047       -0.0007518079375822    -0.0013021696330741
    -0.0104247993965805    -0.0180562834289488        0.0076376772977321     0.0132288460219133       -0.0104247993965805    -0.0180562834289488
    -0.0007518079375822    -0.0013021696330741       -0.0007677475450415    -0.0013297778449047       -0.0225349794964279    -0.0390317320625393
    4    3
    -0.0222199046096146    -0.0000000000000000        0.0618257533932112     0.0000000000000000        0.0018514598014400    -0.0000000000000000
     0.1239558166928347     0.0000000000000000       -0.0222199046096146    -0.0000000000000000        0.0029944910113472     0.0000000000000000
     0.0029944910113472     0.0000000000000000        0.0018514598014400    -0.0000000000000000        0.0082134303643625     0.0000000000000000
    4    4
     0.1367817883288150     0.0000000000000000        0.0072557999270733     0.0000000000000000        0.0076628236728191     0.0000000000000000
     0.0072557999270733     0.0000000000000000        0.3400353799362485     0.0000000000000000        0.0072557999270733     0.0000000000000000
     0.0076628236728191     0.0000000000000000        0.0072557999270733     0.0000000000000000        0.1367817883288150     0.0000000000000000
    4    5
     0.0082134303643625     0.0000000000000000        0.0018514598014400    -0.0000000000000000        0.0029944910113472     0.0000000000000000
     0.0029944910113472     0.0000000000000000       -0.0222199046096146     0.0000000000000000        0.1239558166928347    -0.0000000000000000
     0.0018514598014400    -0.0000000000000000        0.0618257533932112     0.0000000000000000       -0.0222199046096146     0.0000000000000000
    5    1
     0.0020192462872617     0.0034974366917111        0.0004508628929636     0.0007809173327343        0.0020265512652126     0.0035100892829670
     0.0004508628929636     0.0007809173327343        0.0020192462872617     0.0034974366917111        0.0020265512652126     0.0035100892829670
     0.0043187902877091     0.0074803631985493        0.0043187902877091     0.0074803631985493        0.0101003129061024     0.0174942527706569
    5    2
    -0.0225349794964279    -0.0390317320625393       -0.0007518079375822    -0.0013021696330741       -0.0007677475450415    -0.0013297778449047
    -0.0007518079375822    -0.0013021696330741       -0.0225349794964279    -0.0390317320625393       -0.0007677475450415    -0.0013297778449047
    -0.0104247993965805    -0.0180562834289488       -0.0104247993965805    -0.0180562834289488        0.0076376772977321     0.0132288460219133
    5    3
    -0.0222199046096146    -0.0000000000000000        0.0018514598014400    -0.0000000000000000        0.0618257533932112     0.0000000000000000
     0.0029944910113472     0.0000000000000000        0.0082134303643625     0.0000000000000000        0.0018514598014400    -0.0000000000000000
     0.1239558166928347     0.0000000000000000        0.0029944910113472     0.0000000000000000       -0.0222199046096146    -0.0000000000000000
    5    4
     0.0082134303643625     0.0000000000000000        0.0029944910113472    -0.0000000000000000        0.0018514598014400    -0.0000000000000000
     0.0018514598014400    -0.0000000000000000       -0.0222199046096146     0.0000000000000000        0.0618257533932112     0.0000000000000000
     0.0029944910113472    -0.0000000000000000        0.1239558166928347    -0.0000000000000000       -0.0222199046096146     0.0000000000000000
    5    5
     0.1367817883288150     0.0000000000000000        0.0076628236728191     0.0000000000000000        0.0072557999270733     0.0000000000000000
     0.0076628236728191     0.0000000000000000        0.1367817883288150     0.0000000000000000        0.0072557999270733     0.0000000000000000
     0.0072557999270733     0.0000000000000000        0.0072557999270733     0.0000000000000000        0.3400353799362485     0.0000000000000000

     Dynamical Matrix in cartesian axes

     q = (    -0.083316033904     0.083316033904     0.083316033904 )

    1    1
     0.1825308507242882     0.0000000000000000       -0.0058630961127761     0.0000000000000000       -0.0058630961127761     0.0000000000000000
    -0.0058630961127761     0.0000000000000000        0.1825308507242882     0.0000000000000000        0.0058630961127761     0.0000000000000000
    -0.0058630961127761     0.0000000000000000        0.0058630961127761     0.0000000000000000        0.1825308507242882     0.0000000000000000
    1    2
    -0.0055990789465170     0.0096978898637161       -0.0343877434401508     0.0595613228050225       -0.0343877434401508     0.0595613228050225
    -0.0343877434401508     0.0595613228050225       -0.0055990789465170     0.0096978898637161        0.0343877434401508    -0.0595613228050225
    -0.0343877434401508     0.0595613228050225        0.0343877434401508    -0.0595613228050225       -0.0055990789465170     0.0096978898637161
    1    3
     0.0101003129061024     0.0174942527706569       -0.0020265512652126    -0.0035100892829670       -0.0020265512652126    -0.0035100892829670
    -0.0043187902877091    -0.0074803631985493        0.0020192462872617     0.0034974366917111        0.0004508628929636     0.0007809173327343
    -0.0043187902877091    -0.0074803631985493        0.0004508628929636     0.0007809173327343        0.0020192462872617     0.0034974366917111
    1    4
    -0.0040384921667805     0.0000000000000000        0.0086375797033325     0.0000000000000000        0.0009017256948853    -0.0000000000000000
     0.0040531021212072     0.0000000000000000       -0.0202006237726665     0.0000000000000000       -0.0040531021212072     0.0000000000000000
     0.0009017256948853    -0.0000000000000000       -0.0086375797033325    -0.0000000000000000       -0.0040384921667805     0.0000000000000000
    1    5
    -0.0040384921667805     0.0000000000000000        0.0009017256948853    -0.0000000000000000        0.0086375797033325     0.0000000000000000
     0.0009017256948853    -0.0000000000000000       -0.0040384921667805     0.0000000000000000       -0.0086375797033325    -0.0000000000000000
     0.0040531021212072     0.0000000000000000       -0.0040531021212072     0.0000000000000000       -0.0202006237726665     0.0000000000000000
    2    1
    -0.0055990789465170    -0.0096978898637161       -0.0343877434401508    -0.0595613228050225       -0.0343877434401508    -0.0595613228050225
    -0.0343877434401508    -0.0595613228050225       -0.0055990789465170    -0.0096978898637161        0.0343877434401508     0.0595613228050225
    -0.0343877434401508    -0.0595613228050225        0.0343877434401508     0.0595613228050225       -0.0055990789465170    -0.0096978898637161
    2    2
     0.4238858648304350     0.0000000000000000       -0.0022209625903852     0.0000000000000000       -0.0022209625903852     0.0000000000000000
    -0.0022209625903852     0.0000000000000000        0.4238858648304350     0.0000000000000000        0.0022209625903852     0.0000000000000000
    -0.0022209625903852     0.0000000000000000        0.0022209625903852     0.0000000000000000        0.4238858648304350     0.0000000000000000
    2    3
     0.0076376772977321    -0.0132288460219133        0.0007677475450415    -0.0013297778449047        0.0007677475450415    -0.0013297778449047
     0.0104247993965805    -0.0180562834289488       -0.0225349794964279     0.0390317320625393       -0.0007518079375822     0.0013021696330741
     0.0104247993965805    -0.0180562834289488       -0.0007518079375822     0.0013021696330741       -0.0225349794964279     0.0390317320625393
    2    4
    -0.0225349794964279    -0.0390317320625393        0.0104247993965805     0.0180562834289488        0.0007518079375822     0.0013021696330741
     0.0007677475450415     0.0013297778449047        0.0076376772977321     0.0132288460219133       -0.0007677475450415    -0.0013297778449047
     0.0007518079375822     0.0013021696330741       -0.0104247993965805    -0.0180562834289488       -0.0225349794964279    -0.0390317320625393
    2    5
    -0.0225349794964279    -0.0390317320625393        0.0007518079375822     0.0013021696330741        0.0104247993965805     0.0180562834289488
     0.0007518079375822     0.0013021696330741       -0.0225349794964279    -0.0390317320625393       -0.0104247993965805    -0.0180562834289488
     0.0007677475450415     0.0013297778449047       -0.0007677475450415    -0.0013297778449047        0.0076376772977321     0.0132288460219133
    3    1
     0.0101003129061024    -0.0174942527706569       -0.0043187902877091     0.0074803631985493       -0.0043187902877091     0.0074803631985493
    -0.0020265512652126     0.0035100892829670        0.0020192462872617    -0.0034974366917111        0.0004508628929636    -0.0007809173327343
    -0.0020265512652126     0.0035100892829670        0.0004508628929636    -0.0007809173327343        0.0020192462872617    -0.0034974366917111
    3    2
     0.0076376772977321     0.0132288460219133        0.0104247993965805     0.0180562834289488        0.0104247993965805     0.0180562834289488
     0.0007677475450415     0.0013297778449047       -0.0225349794964279    -0.0390317320625393       -0.0007518079375822    -0.0013021696330741
     0.0007677475450415     0.0013297778449047       -0.0007518079375822    -0.0013021696330741       -0.0225349794964279    -0.0390317320625393
    3    3
     0.3400353799362485     0.0000000000000000       -0.0072557999270733     0.0000000000000000       -0.0072557999270733     0.0000000000000000
    -0.0072557999270733     0.0000000000000000        0.1367817883288150     0.0000000000000000        0.0076628236728191     0.0000000000000000
    -0.0072557999270733     0.0000000000000000        0.0076628236728191     0.0000000000000000        0.1367817883288150     0.0000000000000000
    3    4
     0.0111099534265139    -0.0192430012139755        0.0619779146039628    -0.1073488825900463        0.0014972456568417    -0.0025933051999539
     0.0309128798176972    -0.0535426712446696        0.0111099534265139    -0.0192430012139755       -0.0009257299941855     0.0016034111681704
     0.0009257299941855    -0.0016034111681704       -0.0014972456568417     0.0025933051999539       -0.0041067155968121     0.0071130391083651
    3    5
     0.0111099534265139    -0.0192430012139755        0.0014972456568417    -0.0025933051999539        0.0619779146039628    -0.1073488825900463
     0.0009257299941855    -0.0016034111681704       -0.0041067155968121     0.0071130391083651       -0.0014972456568417     0.0025933051999539
     0.0309128798176972    -0.0535426712446696       -0.0009257299941855     0.0016034111681704        0.0111099534265139    -0.0192430012139755
    4    1
    -0.0040384921667805     0.0000000000000000        0.0040531021212072     0.0000000000000000        0.0009017256948853     0.0000000000000000
     0.0086375797033325    -0.0000000000000000       -0.0202006237726665     0.0000000000000000       -0.0086375797033325     0.0000000000000000
     0.0009017256948853     0.0000000000000000       -0.0040531021212072     0.0000000000000000       -0.0040384921667805     0.0000000000000000
    4    2
    -0.0225349794964279     0.0390317320625393        0.0007677475450415    -0.0013297778449047        0.0007518079375822    -0.0013021696330741
     0.0104247993965805    -0.0180562834289488        0.0076376772977321    -0.0132288460219133       -0.0104247993965805     0.0180562834289488
     0.0007518079375822    -0.0013021696330741       -0.0007677475450415     0.0013297778449047       -0.0225349794964279     0.0390317320625393
    4    3
     0.0111099534265139     0.0192430012139755        0.0309128798176972     0.0535426712446696        0.0009257299941855     0.0016034111681704
     0.0619779146039628     0.1073488825900463        0.0111099534265139     0.0192430012139755       -0.0014972456568417    -0.0025933051999539
     0.0014972456568417     0.0025933051999539       -0.0009257299941855    -0.0016034111681704       -0.0041067155968121    -0.0071130391083651
    4    4
     0.1367817883288150     0.0000000000000000       -0.0072557999270733     0.0000000000000000       -0.0076628236728191     0.0000000000000000
    -0.0072557999270733     0.0000000000000000        0.3400353799362485     0.0000000000000000        0.0072557999270733     0.0000000000000000
    -0.0076628236728191     0.0000000000000000        0.0072557999270733     0.0000000000000000        0.1367817883288150     0.0000000000000000
    4    5
     0.0082134303643625     0.0000000000000000       -0.0018514598014400     0.0000000000000000       -0.0029944910113472    -0.0000000000000000
    -0.0029944910113472    -0.0000000000000000       -0.0222199046096146     0.0000000000000000        0.1239558166928347    -0.0000000000000000
    -0.0018514598014400     0.0000000000000000        0.0618257533932112     0.0000000000000000       -0.0222199046096146     0.0000000000000000
    5    1
    -0.0040384921667805     0.0000000000000000        0.0009017256948853     0.0000000000000000        0.0040531021212072     0.0000000000000000
     0.0009017256948853     0.0000000000000000       -0.0040384921667805     0.0000000000000000       -0.0040531021212072     0.0000000000000000
     0.0086375797033325    -0.0000000000000000       -0.0086375797033325     0.0000000000000000       -0.0202006237726665     0.0000000000000000
    5    2
    -0.0225349794964279     0.0390317320625393        0.0007518079375822    -0.0013021696330741        0.0007677475450415    -0.0013297778449047
     0.0007518079375822    -0.0013021696330741       -0.0225349794964279     0.0390317320625393       -0.0007677475450415     0.0013297778449047
     0.0104247993965805    -0.0180562834289488       -0.0104247993965805     0.0180562834289488        0.0076376772977321    -0.0132288460219133
    5    3
     0.0111099534265139     0.0192430012139755        0.0009257299941855     0.0016034111681704        0.0309128798176972     0.0535426712446696
     0.0014972456568417     0.0025933051999539       -0.0041067155968121    -0.0071130391083651       -0.0009257299941855    -0.0016034111681704
     0.0619779146039628     0.1073488825900463       -0.0014972456568417    -0.0025933051999539        0.0111099534265139     0.0192430012139755
    5    4
     0.0082134303643625     0.0000000000000000       -0.0029944910113472     0.0000000000000000       -0.0018514598014400     0.0000000000000000
    -0.0018514598014400     0.0000000000000000       -0.0222199046096146     0.0000000000000000        0.0618257533932112     0.0000000000000000
    -0.0029944910113472     0.0000000000000000        0.1239558166928347    -0.0000000000000000       -0.0222199046096146     0.0000000000000000
    5    5
     0.1367817883288150     0.0000000000000000       -0.0076628236728191     0.0000000000000000       -0.0072557999270733     0.0000000000000000
    -0.0076628236728191     0.0000000000000000        0.1367817883288150     0.0000000000000000        0.0072557999270733     0.0000000000000000
    -0.0072557999270733     0.0000000000000000        0.0072557999270733     0.0000000000000000        0.3400353799362485     0.0000000000000000

     Dynamical Matrix in cartesian axes

     q = (     0.083316033904    -0.083316033904     0.083316033904 )

    1    1
     0.1825308507242882     0.0000000000000000       -0.0058630961127761     0.0000000000000000        0.0058630961127761     0.0000000000000000
    -0.0058630961127761     0.0000000000000000        0.1825308507242882     0.0000000000000000       -0.0058630961127761     0.0000000000000000
     0.0058630961127761     0.0000000000000000       -0.0058630961127761     0.0000000000000000        0.1825308507242882     0.0000000000000000
    1    2
    -0.0055990789465170     0.0096978898637161       -0.0343877434401508     0.0595613228050225        0.0343877434401508    -0.0595613228050225
    -0.0343877434401508     0.0595613228050225       -0.0055990789465170     0.0096978898637161       -0.0343877434401508     0.0595613228050225
     0.0343877434401508    -0.0595613228050225       -0.0343877434401508     0.0595613228050225       -0.0055990789465170     0.0096978898637161
    1    3
    -0.0202006237726665     0.0000000000000000        0.0040531021212072     0.0000000000000000       -0.0040531021212072     0.0000000000000000
     0.0086375797033325     0.0000000000000000       -0.0040384921667805     0.0000000000000000        0.0009017256948853    -0.0000000000000000
    -0.0086375797033325    -0.0000000000000000        0.0009017256948853    -0.0000000000000000       -0.0040384921667805     0.0000000000000000
    1    4
     0.0020192462872617     0.0034974366917111       -0.0043187902877091    -0.0074803631985493        0.0004508628929636     0.0007809173327343
    -0.0020265512652126    -0.0035100892829670        0.0101003129061024     0.0174942527706569       -0.0020265512652126    -0.0035100892829670
     0.0004508628929636     0.0007809173327343       -0.0043187902877091    -0.0074803631985493        0.0020192462872617     0.0034974366917111
    1    5
    -0.0040384921667805     0.0000000000000000        0.0009017256948853    -0.0000000000000000       -0.0086375797033325    -0.0000000000000000
     0.0009017256948853    -0.0000000000000000       -0.0040384921667805     0.0000000000000000        0.0086375797033325     0.0000000000000000
    -0.0040531021212072     0.0000000000000000        0.0040531021212072     0.0000000000000000       -0.0202006237726665     0.0000000000000000
    2    1
    -0.0055990789465170    -0.0096978898637161       -0.0343877434401508    -0.0595613228050225        0.0343877434401508     0.0595613228050225
    -0.0343877434401508    -0.0595613228050225       -0.0055990789465170    -0.0096978898637161       -0.0343877434401508    -0.0595613228050225
     0.0343877434401508     0.0595613228050225       -0.0343877434401508    -0.0595613228050225       -0.0055990789465170    -0.0096978898637161
    2    2
     0.4238858648304350     0.0000000000000000       -0.0022209625903852     0.0000000000000000        0.0022209625903852     0.0000000000000000
    -0.0022209625903852     0.0000000000000000        0.4238858648304350     0.0000000000000000       -0.0022209625903852     0.0000000000000000
     0.0022209625903852     0.0000000000000000       -0.0022209625903852     0.0000000000000000        0.4238858648304350     0.0000000000000000
    2    3
     0.0076376772977321     0.0132288460219133        0.0007677475450415     0.0013297778449047       -0.0007677475450415    -0.0013297778449047
     0.0104247993965805     0.0180562834289488       -0.0225349794964279    -0.0390317320625393        0.0007518079375822     0.0013021696330741
    -0.0104247993965805    -0.0180562834289488        0.0007518079375822     0.0013021696330741       -0.0225349794964279    -0.0390317320625393
    2    4
    -0.0225349794964279     0.0390317320625393        0.0104247993965805    -0.0180562834289488       -0.0007518079375822     0.0013021696330741
     0.0007677475450415    -0.0013297778449047        0.0076376772977321    -0.0132288460219133        0.0007677475450415    -0.0013297778449047
    -0.0007518079375822     0.0013021696330741        0.0104247993965805    -0.0180562834289488       -0.0225349794964279     0.0390317320625393
    2    5
    -0.0225349794964279    -0.0390317320625393        0.0007518079375822     0.0013021696330741       -0.0104247993965805    -0.0180562834289488
     0.0007518079375822     0.0013021696330741       -0.0225349794964279    -0.0390317320625393        0.0104247993965805     0.0180562834289488
    -0.0007677475450415    -0.0013297778449047        0.0007677475450415     0.0013297778449047        0.0076376772977321     0.0132288460219133
    3    1
    -0.0202006237726665     0.0000000000000000        0.0086375797033325    -0.0000000000000000       -0.0086375797033325     0.0000000000000000
     0.0040531021212072     0.0000000000000000       -0.0040384921667805     0.0000000000000000        0.0009017256948853     0.0000000000000000
    -0.0040531021212072     0.0000000000000000        0.0009017256948853     0.0000000000000000       -0.0040384921667805     0.0000000000000000
    3    2
     0.0076376772977321    -0.0132288460219133        0.0104247993965805    -0.0180562834289488       -0.0104247993965805     0.0180562834289488
