Dynamical matrix file
File generated with the CellConstructor by Lorenzo Monacelli
3 5 0     1.8897259890000000     0.0000000000000000     0.0000000000000000     0.0000000000000000     0.0000000000000000     0.0000000000000000
Basis vectors
    4.0008305450633186     0.0000000000000000     0.0000000000000000
    0.0000000000000000     4.0008305450633186     0.0000000000000000
    0.0000000000000000     0.0000000000000000     4.0008305450633186
	1  'Ba '  125165.9077335107867839
	2  'Ti '  43628.1030349454958923
	3  'O '  14582.1969301625977096
    1     1     0.0000000000000000     0.0000000000000000     0.0000000000000000
    2     2     2.0004152725316593     2.0004152725316593     2.0004152725316593
    3     3     0.0000000000000000     2.0004152725316593     2.0004152725316593
    4     3     2.0004152725316593     0.0000000000000000     2.0004152725316593
    5     3     2.0004152725316593     2.0004152725316593     0.0000000000000000

     Dynamical Matrix in cartesian axes

     q = (     0.083316033904     0.083316033904     0.000000000000 )

    1    1
     0.2009738434378571     0.0000000000000000        0.0098729744391775     0.0000000000000000        0.0000000000000000     0.0000000000000000
     0.0098729744391775     0.0000000000000000        0.2009738434378571     0.0000000000000000        0.0000000000000000     0.0000000000000000
     0.0000000000000000     0.0000000000000000        0.0000000000000000     0.0000000000000000        0.1276002759810091     0.0000000000000000
    1    2
     0.0105821576543662     0.0183288322436600       -0.0688267827121293    -0.1192114685308011        0.0000000000000000     0.0000000000000000
    -0.0688267827121293    -0.1192114685308011        0.0105821576543662     0.0183288322436600        0.0000000000000000     0.0000000000000000
     0.0000000000000000     0.0000000000000000        0.0000000000000000     0.0000000000000000        0.0101223946836123     0.0175324995260768
    1    3
    -0.0206167187158030     0.0357092067046930       -0.0041817020258872     0.0072429208584672        0.0000000000000000     0.0000000000000000
    -0.0083573722138699     0.0144753942665174       -0.0043019592210921     0.0074512124445577        0.0000000000000000     0.0000000000000000
     0.0000000000000000     0.0000000000000000        0.0000000000000000     0.0000000000000000       -0.0039376540709079     0.0068202173725078
    1    4
    -0.0043019592210921     0.0074512124445577       -0.0083573722138699     0.0144753942665174        0.0000000000000000     0.0000000000000000
    -0.0041817020258872     0.0072429208584672       -0.0206167187158030     0.0357092067046930        0.0000000000000000     0.0000000000000000
     0.0000000000000000     0.0000000000000000        0.0000000000000000     0.0000000000000000       -0.0039376540709079     0.0068202173725078
    1    5
     0.0019110646711950     0.0033100606614631        0.0044256218801575     0.0076654009196139        0.0000000000000000     0.0000000000000000
     0.0044256218801575     0.0076654009196139        0.0019110646711950     0.0033100606614631        0.0000000000000000     0.0000000000000000
     0.0000000000000000     0.0000000000000000        0.0000000000000000     0.0000000000000000        0.0036954557798875     0.0064007163062322
    2    1
     0.0105821576543662    -0.0183288322436600       -0.0688267827121293     0.1192114685308011        0.0000000000000000     0.0000000000000000
    -0.0688267827121293     0.1192114685308011        0.0105821576543662    -0.0183288322436600        0.0000000000000000     0.0000000000000000
     0.0000000000000000     0.0000000000000000        0.0000000000000000     0.0000000000000000        0.0101223946836123    -0.0175324995260768
    2    2
     0.4301697296486618     0.0000000000000000        0.0020934431535101     0.0000000000000000        0.0000000000000000     0.0000000000000000
     0.0020934431535101     0.0000000000000000        0.4301697296486618     0.0000000000000000        0.0000000000000000     0.0000000000000000
     0.0000000000000000     0.0000000000000000        0.0000000000000000     0.0000000000000000        0.0821438150461962     0.0000000000000000
    2    3
     0.0085637070293990     0.0148327766744395       -0.0021187598213086    -0.0036697999065541        0.0000000000000000     0.0000000000000000
    -0.0112306723752237    -0.0194520964663569       -0.0250291579414984    -0.0433517761433241        0.0000000000000000     0.0000000000000000
     0.0000000000000000     0.0000000000000000        0.0000000000000000     0.0000000000000000       -0.0063245007364876    -0.0109543573454348
    2    4
    -0.0250291579414984    -0.0433517761433241       -0.0112306723752237    -0.0194520964663569        0.0000000000000000     0.0000000000000000
    -0.0021187598213086    -0.0036697999065541        0.0085637070293990     0.0148327766744395        0.0000000000000000     0.0000000000000000
     0.0000000000000000     0.0000000000000000        0.0000000000000000     0.0000000000000000       -0.0063245007364876    -0.0109543573454348
    2    5
    -0.0895744024005367     0.0000000000000000       -0.0035360212020169     0.0000000000000000        0.0000000000000000     0.0000000000000000
    -0.0035360212020169     0.0000000000000000       -0.0895744024005367     0.0000000000000000        0.0000000000000000     0.0000000000000000
     0.0000000000000000     0.0000000000000000        0.0000000000000000     0.0000000000000000        0.0351299891294129     0.0000000000000000
    3    1
    -0.0206167187158030    -0.0357092067046930       -0.0083573722138699    -0.0144753942665174        0.0000000000000000     0.0000000000000000
    -0.0041817020258872    -0.0072429208584672       -0.0043019592210921    -0.0074512124445577        0.0000000000000000     0.0000000000000000
     0.0000000000000000     0.0000000000000000        0.0000000000000000     0.0000000000000000       -0.0039376540709079    -0.0068202173725078
    3    2
     0.0085637070293990    -0.0148327766744395       -0.0112306723752237     0.0194520964663569        0.0000000000000000     0.0000000000000000
    -0.0021187598213086     0.0036697999065541       -0.0250291579414984     0.0433517761433241        0.0000000000000000     0.0000000000000000
     0.0000000000000000     0.0000000000000000        0.0000000000000000     0.0000000000000000       -0.0063245007364876     0.0109543573454348
    3    3
     0.3663891737268529     0.0000000000000000        0.0074726603693269     0.0000000000000000        0.0000000000000000     0.0000000000000000
     0.0074726603693269     0.0000000000000000        0.1519010635813400     0.0000000000000000        0.0000000000000000     0.0000000000000000
     0.0000000000000000     0.0000000000000000        0.0000000000000000     0.0000000000000000        0.1365555107249581     0.0000000000000000
    3    4
    -0.0220810365416884     0.0000000000000000        0.1428449086200931     0.0000000000000000        0.0000000000000000     0.0000000000000000
     0.0732551175190767     0.0000000000000000       -0.0220810365416884     0.0000000000000000        0.0000000000000000     0.0000000000000000
     0.0000000000000000     0.0000000000000000        0.0000000000000000     0.0000000000000000        0.0031890952285309     0.0000000000000000
    3    5
    -0.0220798808711022     0.0382434780679634        0.0034025211070038    -0.0058933398278334        0.0000000000000000     0.0000000000000000
     0.0018612715986267    -0.0032238171924997        0.0082741597521794    -0.0143312660453454        0.0000000000000000     0.0000000000000000
     0.0000000000000000     0.0000000000000000        0.0000000000000000     0.0000000000000000       -0.0216318519488573     0.0374674691591422
    4    1
    -0.0043019592210921    -0.0074512124445577       -0.0041817020258872    -0.0072429208584672        0.0000000000000000     0.0000000000000000
    -0.0083573722138699    -0.0144753942665174       -0.0206167187158030    -0.0357092067046930        0.0000000000000000     0.0000000000000000
     0.0000000000000000     0.0000000000000000        0.0000000000000000     0.0000000000000000       -0.0039376540709079    -0.0068202173725078
    4    2
    -0.0250291579414984     0.0433517761433241       -0.0021187598213086     0.0036697999065541        0.0000000000000000     0.0000000000000000
    -0.0112306723752237     0.0194520964663569        0.0085637070293990    -0.0148327766744395        0.0000000000000000     0.0000000000000000
     0.0000000000000000     0.0000000000000000        0.0000000000000000     0.0000000000000000       -0.0063245007364876     0.0109543573454348
    4    3
    -0.0220810365416884     0.0000000000000000        0.0732551175190767     0.0000000000000000        0.0000000000000000     0.0000000000000000
     0.1428449086200931     0.0000000000000000       -0.0220810365416884     0.0000000000000000        0.0000000000000000     0.0000000000000000
     0.0000000000000000     0.0000000000000000        0.0000000000000000     0.0000000000000000        0.0031890952285309     0.0000000000000000
    4    4
     0.1519010635813400     0.0000000000000000        0.0074726603693269     0.0000000000000000        0.0000000000000000     0.0000000000000000
     0.0074726603693269     0.0000000000000000        0.3663891737268529     0.0000000000000000        0.0000000000000000     0.0000000000000000
     0.0000000000000000     0.0000000000000000        0.0000000000000000     0.0000000000000000        0.1365555107249581     0.0000000000000000
    4    5
     0.0082741597521794    -0.0143312660453454        0.0018612715986267    -0.0032238171924997        0.0000000000000000     0.0000000000000000
     0.0034025211070038    -0.0058933398278334       -0.0220798808711022     0.0382434780679634        0.0000000000000000     0.0000000000000000
     0.0000000000000000     0.0000000000000000        0.0000000000000000     0.0000000000000000       -0.0216318519488573     0.0374674691591422
    5    1
     0.0019110646711950    -0.0033100606614631        0.0044256218801575    -0.0076654009196139        0.0000000000000000     0.0000000000000000
     0.0044256218801575    -0.0076654009196139        0.0019110646711950    -0.0033100606614631        0.0000000000000000     0.0000000000000000
     0.0000000000000000     0.0000000000000000        0.0000000000000000     0.0000000000000000        0.0036954557798875    -0.0064007163062322
    5    2
    -0.0895744024005367     0.0000000000000000       -0.0035360212020169     0.0000000000000000        0.0000000000000000     0.0000000000000000
    -0.0035360212020169     0.0000000000000000       -0.0895744024005367     0.0000000000000000        0.0000000000000000     0.0000000000000000
     0.0000000000000000     0.0000000000000000        0.0000000000000000     0.0000000000000000        0.0351299891294129     0.0000000000000000
    5    3
    -0.0220798808711022    -0.0382434780679634        0.0018612715986267     0.0032238171924997        0.0000000000000000     0.0000000000000000
     0.0034025211070038     0.0058933398278334        0.0082741597521794     0.0143312660453454        0.0000000000000000     0.0000000000000000
     0.0000000000000000     0.0000000000000000        0.0000000000000000     0.0000000000000000       -0.0216318519488573    -0.0374674691591422
    5    4
     0.0082741597521794     0.0143312660453454        0.0034025211070038     0.0058933398278334        0.0000000000000000     0.0000000000000000
     0.0018612715986267     0.0032238171924997       -0.0220798808711022    -0.0382434780679634        0.0000000000000000     0.0000000000000000
     0.0000000000000000     0.0000000000000000        0.0000000000000000     0.0000000000000000       -0.0216318519488573    -0.0374674691591422
    5    5
     0.1386996104193385     0.0000000000000000        0.0086032128343319     0.0000000000000000        0.0000000000000000     0.0000000000000000
     0.0086032128343319     0.0000000000000000        0.1386996104193385     0.0000000000000000        0.0000000000000000     0.0000000000000000
     0.0000000000000000     0.0000000000000000        0.0000000000000000     0.0000000000000000        0.1675110051996045     0.0000000000000000

     Dynamical Matrix in cartesian axes

     q = (    -0.083316033904    -0.083316033904     0.000000000000 )

    1    1
     0.2009738434378571     0.0000000000000000        0.0098729744391775     0.0000000000000000        0.0000000000000000     0.0000000000000000
     0.0098729744391775     0.0000000000000000        0.2009738434378571     0.0000000000000000        0.0000000000000000     0.0000000000000000
     0.0000000000000000     0.0000000000000000        0.0000000000000000     0.0000000000000000        0.1276002759810091     0.0000000000000000
    1    2
     0.0105821576543662    -0.0183288322436600       -0.0688267827121293     0.1192114685308011        0.0000000000000000     0.0000000000000000
    -0.0688267827121293     0.1192114685308011        0.0105821576543662    -0.0183288322436600        0.0000000000000000     0.0000000000000000
     0.0000000000000000     0.0000000000000000        0.0000000000000000     0.0000000000000000        0.0101223946836123    -0.0175324995260768
    1    3
    -0.0206167187158030    -0.0357092067046930       -0.0041817020258872    -0.0072429208584672        0.0000000000000000     0.0000000000000000
    -0.0083573722138699    -0.0144753942665174       -0.0043019592210921    -0.0074512124445577        0.0000000000000000     0.0000000000000000
     0.0000000000000000     0.0000000000000000        0.0000000000000000     0.0000000000000000       -0.0039376540709079    -0.0068202173725078
    1    4
    -0.0043019592210921    -0.0074512124445577       -0.0083573722138699    -0.0144753942665174        0.0000000000000000     0.0000000000000000
    -0.0041817020258872    -0.0072429208584672       -0.0206167187158030    -0.0357092067046930        0.0000000000000000     0.0000000000000000
     0.0000000000000000     0.0000000000000000        0.0000000000000000     0.0000000000000000       -0.0039376540709079    -0.0068202173725078
    1    5
     0.0019110646711950    -0.0033100606614631        0.0044256218801575    -0.0076654009196139        0.0000000000000000     0.0000000000000000
     0.0044256218801575    -0.0076654009196139        0.0019110646711950    -0.0033100606614631        0.0000000000000000     0.0000000000000000
     0.0000000000000000     0.0000000000000000        0.0000000000000000     0.0000000000000000        0.0036954557798875    -0.0064007163062322
    2    1
     0.0105821576543662     0.0183288322436600       -0.0688267827121293    -0.1192114685308011        0.0000000000000000     0.0000000000000000
    -0.0688267827121293    -0.1192114685308011        0.0105821576543662     0.0183288322436600        0.0000000000000000     0.0000000000000000
     0.0000000000000000     0.0000000000000000        0.0000000000000000     0.0000000000000000        0.0101223946836123     0.0175324995260768
    2    2
     0.4301697296486618     0.0000000000000000        0.0020934431535101     0.0000000000000000        0.0000000000000000     0.0000000000000000
     0.0020934431535101     0.0000000000000000        0.4301697296486618     0.0000000000000000        0.0000000000000000     0.0000000000000000
     0.0000000000000000     0.0000000000000000        0.0000000000000000     0.0000000000000000        0.0821438150461962     0.0000000000000000
    2    3
     0.0085637070293990    -0.0148327766744395       -0.0021187598213086     0.0036697999065541        0.0000000000000000     0.0000000000000000
    -0.0112306723752237     0.0194520964663569       -0.0250291579414984     0.0433517761433241        0.0000000000000000     0.0000000000000000
     0.0000000000000000     0.0000000000000000        0.0000000000000000     0.0000000000000000       -0.0063245007364876     0.0109543573454348
    2    4
    -0.0250291579414984     0.0433517761433241       -0.0112306723752237     0.0194520964663569        0.0000000000000000     0.0000000000000000
    -0.0021187598213086     0.0036697999065541        0.0085637070293990    -0.0148327766744395        0.0000000000000000     0.0000000000000000
     0.0000000000000000     0.0000000000000000        0.0000000000000000     0.0000000000000000       -0.0063245007364876     0.0109543573454348
    2    5
    -0.0895744024005367     0.0000000000000000       -0.0035360212020169     0.0000000000000000        0.0000000000000000     0.0000000000000000
    -0.0035360212020169     0.0000000000000000       -0.0895744024005367     0.0000000000000000        0.0000000000000000     0.0000000000000000
     0.0000000000000000     0.0000000000000000        0.0000000000000000     0.0000000000000000        0.0351299891294129     0.0000000000000000
    3    1
    -0.0206167187158030     0.0357092067046930       -0.0083573722138699     0.0144753942665174        0.0000000000000000     0.0000000000000000
    -0.0041817020258872     0.0072429208584672       -0.0043019592210921     0.0074512124445577        0.0000000000000000     0.0000000000000000
     0.0000000000000000     0.0000000000000000        0.0000000000000000     0.0000000000000000       -0.0039376540709079     0.0068202173725078
    3    2
     0.0085637070293990     0.0148327766744395       -0.0112306723752237    -0.0194520964663569        0.0000000000000000     0.0000000000000000
    -0.0021187598213086    -0.0036697999065541       -0.0250291579414984    -0.0433517761433241        0.0000000000000000     0.0000000000000000
     0.0000000000000000     0.0000000000000000        0.0000000000000000     0.0000000000000000       -0.0063245007364876    -0.0109543573454348
    3    3
     0.3663891737268529     0.0000000000000000        0.0074726603693269     0.0000000000000000        0.0000000000000000     0.0000000000000000
     0.0074726603693269     0.0000000000000000        0.1519010635813400     0.0000000000000000        0.0000000000000000     0.0000000000000000
     0.0000000000000000     0.0000000000000000        0.0000000000000000     0.0000000000000000        0.1365555107249581     0.0000000000000000
    3    4
    -0.0220810365416884     0.0000000000000000        0.1428449086200931     0.0000000000000000        0.0000000000000000     0.0000000000000000
     0.0732551175190767     0.0000000000000000       -0.0220810365416884     0.0000000000000000        0.0000000000000000     0.0000000000000000
     0.0000000000000000     0.0000000000000000        0.0000000000000000     0.0000000000000000        0.0031890952285309     0.0000000000000000
    3    5
    -0.0220798808711022    -0.0382434780679634        0.0034025211070038     0.0058933398278334        0.0000000000000000     0.0000000000000000
     0.0018612715986267     0.0032238171924997        0.0082741597521794     0.0143312660453454        0.0000000000000000     0.0000000000000000
     0.0000000000000000     0.0000000000000000        0.0000000000000000     0.0000000000000000       -0.0216318519488573    -0.0374674691591422
    4    1
    -0.0043019592210921     0.0074512124445577       -0.0041817020258872     0.0072429208584672        0.0000000000000000     0.0000000000000000
    -0.0083573722138699     0.0144753942665174       -0.0206167187158030     0.0357092067046930        0.0000000000000000     0.0000000000000000
     0.0000000000000000     0.0000000000000000        0.0000000000000000     0.0000000000000000       -0.0039376540709079     0.0068202173725078
    4    2
    -0.0250291579414984    -0.0433517761433241       -0.0021187598213086    -0.0036697999065541        0.0000000000000000     0.0000000000000000
    -0.0112306723752237    -0.0194520964663569        0.0085637070293990     0.0148327766744395        0.0000000000000000     0.0000000000000000
     0.0000000000000000     0.0000000000000000        0.0000000000000000     0.0000000000000000       -0.0063245007364876    -0.0109543573454348
    4    3
    -0.0220810365416884     0.0000000000000000        0.0732551175190767     0.0000000000000000        0.0000000000000000     0.0000000000000000
     0.1428449086200931     0.0000000000000000       -0.0220810365416884     0.0000000000000000        0.0000000000000000     0.0000000000000000
     0.0000000000000000     0.0000000000000000        0.0000000000000000     0.0000000000000000        0.0031890952285309     0.0000000000000000
    4    4
     0.1519010635813400     0.0000000000000000        0.0074726603693269     0.0000000000000000        0.0000000000000000     0.0000000000000000
     0.0074726603693269     0.0000000000000000        0.3663891737268529     0.0000000000000000        0.0000000000000000     0.0000000000000000
     0.0000000000000000     0.0000000000000000        0.0000000000000000     0.0000000000000000        0.1365555107249581     0.0000000000000000
    4    5
     0.0082741597521794     0.0143312660453454        0.0018612715986267     0.0032238171924997        0.0000000000000000     0.0000000000000000
     0.0034025211070038     0.0058933398278334       -0.0220798808711022    -0.0382434780679634        0.0000000000000000     0.0000000000000000
     0.0000000000000000     0.0000000000000000        0.0000000000000000     0.0000000000000000       -0.0216318519488573    -0.0374674691591422
    5    1
     0.0019110646711950     0.0033100606614631        0.0044256218801575     0.0076654009196139        0.0000000000000000     0.0000000000000000
     0.0044256218801575     0.0076654009196139        0.0019110646711950     0.0033100606614631        0.0000000000000000     0.0000000000000000
     0.0000000000000000     0.0000000000000000        0.0000000000000000     0.0000000000000000        0.0036954557798875     0.0064007163062322
    5    2
    -0.0895744024005367     0.0000000000000000       -0.0035360212020169     0.0000000000000000        0.0000000000000000     0.0000000000000000
    -0.0035360212020169     0.0000000000000000       -0.0895744024005367     0.0000000000000000        0.0000000000000000     0.0000000000000000
     0.0000000000000000     0.0000000000000000        0.0000000000000000     0.0000000000000000        0.0351299891294129     0.0000000000000000
    5    3
    -0.0220798808711022     0.0382434780679634        0.0018612715986267    -0.0032238171924997        0.0000000000000000     0.0000000000000000
     0.0034025211070038    -0.0058933398278334        0.0082741597521794    -0.0143312660453454        0.0000000000000000     0.0000000000000000
     0.0000000000000000     0.0000000000000000        0.0000000000000000     0.0000000000000000       -0.0216318519488573     0.0374674691591422
    5    4
     0.0082741597521794    -0.0143312660453454        0.0034025211070038    -0.0058933398278334        0.0000000000000000     0.0000000000000000
     0.0018612715986267    -0.0032238171924997       -0.0220798808711022     0.0382434780679634        0.0000000000000000     0.0000000000000000
     0.0000000000000000     0.0000000000000000        0.0000000000000000     0.0000000000000000       -0.0216318519488573     0.0374674691591422
    5    5
     0.1386996104193385     0.0000000000000000        0.0086032128343319     0.0000000000000000        0.0000000000000000     0.0000000000000000
     0.0086032128343319     0.0000000000000000        0.1386996104193385     0.0000000000000000        0.0000000000000000     0.0000000000000000
     0.0000000000000000     0.0000000000000000        0.0000000000000000     0.0000000000000000        0.1675110051996045     0.0000000000000000

     Dynamical Matrix in cartesian axes

     q = (    -0.083316033904     0.083316033904     0.000000000000 )

    1    1
     0.2009738434378571     0.0000000000000000       -0.0098729744391775     0.0000000000000000        0.0000000000000000     0.0000000000000000
    -0.0098729744391775     0.0000000000000000        0.2009738434378571     0.0000000000000000        0.0000000000000000     0.0000000000000000
     0.0000000000000000     0.0000000000000000        0.0000000000000000     0.0000000000000000        0.1276002759810091     0.0000000000000000
    1    2
    -0.0211643131718961     0.0000000000000000       -0.1376535515261877     0.0000000000000000        0.0000000000000000     0.0000000000000000
    -0.1376535515261877     0.0000000000000000       -0.0211643131718961     0.0000000000000000        0.0000000000000000     0.0000000000000000
     0.0000000000000000     0.0000000000000000        0.0000000000000000     0.0000000000000000       -0.0202447873232273     0.0000000000000000
    1    3
    -0.0206167187158030     0.0357092067046930        0.0041817020258872    -0.0072429208584672        0.0000000000000000     0.0000000000000000
     0.0083573722138699    -0.0144753942665174       -0.0043019592210921     0.0074512124445577        0.0000000000000000     0.0000000000000000
     0.0000000000000000     0.0000000000000000        0.0000000000000000     0.0000000000000000       -0.0039376540709079     0.0068202173725078
    1    4
    -0.0043019592210921    -0.0074512124445577        0.0083573722138699     0.0144753942665174        0.0000000000000000     0.0000000000000000
     0.0041817020258872     0.0072429208584672       -0.0206167187158030    -0.0357092067046930        0.0000000000000000     0.0000000000000000
     0.0000000000000000     0.0000000000000000        0.0000000000000000     0.0000000000000000       -0.0039376540709079    -0.0068202173725078
    1    5
    -0.0038221289564921     0.0000000000000000        0.0088512428666570     0.0000000000000000        0.0000000000000000     0.0000000000000000
     0.0088512428666570     0.0000000000000000       -0.0038221289564921     0.0000000000000000        0.0000000000000000     0.0000000000000000
     0.0000000000000000     0.0000000000000000        0.0000000000000000     0.0000000000000000       -0.0073909108135581     0.0000000000000000
    2    1
    -0.0211643131718961     0.0000000000000000       -0.1376535515261877     0.0000000000000000        0.0000000000000000     0.0000000000000000
    -0.1376535515261877     0.0000000000000000       -0.0211643131718961     0.0000000000000000        0.0000000000000000     0.0000000000000000
     0.0000000000000000     0.0000000000000000        0.0000000000000000     0.0000000000000000       -0.0202447873232273     0.0000000000000000
    2    2
     0.4301697296486618     0.0000000000000000       -0.0020934431535101     0.0000000000000000        0.0000000000000000     0.0000000000000000
    -0.0020934431535101     0.0000000000000000        0.4301697296486618     0.0000000000000000        0.0000000000000000     0.0000000000000000
     0.0000000000000000     0.0000000000000000        0.0000000000000000     0.0000000000000000        0.0821438150461962     0.0000000000000000
    2    3
     0.0085637070293990    -0.0148327766744395        0.0021187598213086    -0.0036697999065541        0.0000000000000000     0.0000000000000000
     0.0112306723752237    -0.0194520964663569       -0.0250291579414984     0.0433517761433241        0.0000000000000000     0.0000000000000000
     0.0000000000000000     0.0000000000000000        0.0000000000000000     0.0000000000000000       -0.0063245007364876     0.0109543573454348
    2    4
    -0.0250291579414984    -0.0433517761433241        0.0112306723752237     0.0194520964663569        0.0000000000000000     0.0000000000000000
     0.0021187598213086     0.0036697999065541        0.0085637070293990     0.0148327766744395        0.0000000000000000     0.0000000000000000
     0.0000000000000000     0.0000000000000000        0.0000000000000000     0.0000000000000000       -0.0063245007364876    -0.0109543573454348
    2    5
    -0.0895744024005367     0.0000000000000000        0.0035360212020169     0.0000000000000000        0.0000000000000000     0.0000000000000000
     0.0035360212020169     0.0000000000000000       -0.0895744024005367     0.0000000000000000        0.0000000000000000     0.0000000000000000
     0.0000000000000000     0.0000000000000000        0.0000000000000000     0.0000000000000000        0.0351299891294129     0.0000000000000000
    3    1
    -0.0206167187158030    -0.0357092067046930        0.0083573722138699     0.0144753942665174        0.0000000000000000     0.0000000000000000
     0.0041817020258872     0.0072429208584672       -0.0043019592210921    -0.0074512124445577        0.0000000000000000     0.0000000000000000
     0.0000000000000000     0.0000000000000000        0.0000000000000000     0.0000000000000000       -0.0039376540709079    -0.0068202173725078
    3    2
     0.0085637070293990     0.0148327766744395        0.0112306723752237     0.0194520964663569        0.0000000000000000     0.0000000000000000
     0.0021187598213086     0.0036697999065541       -0.0250291579414984    -0.0433517761433241        0.0000000000000000     0.0000000000000000
     0.0000000000000000     0.0000000000000000        0.0000000000000000     0.0000000000000000       -0.0063245007364876    -0.0109543573454348
    3    3
     0.3663891737268529     0.0000000000000000       -0.0074726603693269     0.0000000000000000        0.0000000000000000     0.0000000000000000
    -0.0074726603693269     0.0000000000000000        0.1519010635813400     0.0000000000000000        0.0000000000000000     0.0000000000000000
     0.0000000000000000     0.0000000000000000        0.0000000000000000     0.0000000000000000        0.1365555107249581     0.0000000000000000
    3    4
     0.0110405193855405    -0.0191227379434244        0.0714224615211523    -0.1237073155029331        0.0000000000000000     0.0000000000000000
     0.0366275624576079    -0.0634407905936534        0.0110405193855405    -0.0191227379434244       -0.0000000000000000     0.0000000000000000
     0.0000000000000000     0.0000000000000000       -0.0000000000000000     0.0000000000000000       -0.0015945477752575     0.0027618373900466
    3    5
    -0.0220798808711022    -0.0382434780679634       -0.0034025211070038    -0.0058933398278334        0.0000000000000000     0.0000000000000000
    -0.0018612715986267    -0.0032238171924997        0.0082741597521794     0.0143312660453454        0.0000000000000000     0.0000000000000000
     0.0000000000000000     0.0000000000000000        0.0000000000000000     0.0000000000000000       -0.0216318519488573    -0.0374674691591422
    4    1
    -0.0043019592210921     0.0074512124445577        0.0041817020258872    -0.0072429208584672        0.0000000000000000     0.0000000000000000
     0.0083573722138699    -0.0144753942665174       -0.0206167187158030     0.0357092067046930        0.0000000000000000     0.0000000000000000
     0.0000000000000000     0.0000000000000000        0.0000000000000000     0.0000000000000000       -0.0039376540709079     0.0068202173725078
    4    2
    -0.0250291579414984     0.0433517761433241        0.0021187598213086    -0.0036697999065541        0.0000000000000000     0.0000000000000000
     0.0112306723752237    -0.0194520964663569        0.0085637070293990    -0.0148327766744395        0.0000000000000000     0.0000000000000000
     0.0000000000000000     0.0000000000000000        0.0000000000000000     0.0000000000000000       -0.0063245007364876     0.0109543573454348
    4    3
     0.0110405193855405     0.0191227379434244        0.0366275624576079     0.0634407905936534        0.0000000000000000     0.0000000000000000
     0.0714224615211523     0.1237073155029331        0.0110405193855405     0.0191227379434244       -0.0000000000000000     0.0000000000000000
     0.0000000000000000     0.0000000000000000       -0.0000000000000000     0.0000000000000000       -0.0015945477752575    -0.0027618373900466
    4    4
     0.1519010635813400     0.0000000000000000       -0.0074726603693269     0.0000000000000000        0.0000000000000000     0.0000000000000000
    -0.0074726603693269     0.0000000000000000        0.3663891737268529     0.0000000000000000        0.0000000000000000     0.0000000000000000
     0.0000000000000000     0.0000000000000000        0.0000000000000000     0.0000000000000000        0.1365555107249581     0.0000000000000000
    4    5
     0.0082741597521794    -0.0143312660453454       -0.0018612715986267     0.0032238171924997        0.0000000000000000     0.0000000000000000
    -0.0034025211070038     0.0058933398278334       -0.0220798808711022     0.0382434780679634        0.0000000000000000     0.0000000000000000
     0.0000000000000000     0.0000000000000000        0.0000000000000000     0.0000000000000000       -0.0216318519488573     0.0374674691591422
    5    1
    -0.0038221289564921     0.0000000000000000        0.0088512428666570     0.0000000000000000        0.0000000000000000     0.0000000000000000
     0.0088512428666570     0.0000000000000000       -0.0038221289564921     0.0000000000000000        0.0000000000000000     0.0000000000000000
     0.0000000000000000     0.0000000000000000        0.0000000000000000     0.0000000000000000       -0.0073909108135581     0.0000000000000000
    5    2
    -0.0895744024005367     0.0000000000000000        0.0035360212020169     0.0000000000000000        0.0000000000000000     0.0000000000000000
     0.0035360212020169     0.0000000000000000       -0.0895744024005367     0.0000000000000000        0.0000000000000000     0.0000000000000000
     0.0000000000000000     0.0000000000000000        0.0000000000000000     0.0000000000000000        0.0351299891294129     0.0000000000000000
    5    3
    -0.0220798808711022     0.0382434780679634       -0.0018612715986267     0.0032238171924997        0.0000000000000000     0.0000000000000000
    -0.0034025211070038     0.0058933398278334        0.0082741597521794    -0.0143312660453454        0.0000000000000000     0.0000000000000000
     0.0000000000000000     0.0000000000000000        0.0000000000000000     0.0000000000000000       -0.0216318519488573     0.0374674691591422
    5    4
     0.0082741597521794     0.0143312660453454       -0.0034025211070038    -0.0058933398278334        0.0000000000000000     0.0000000000000000
    -0.0018612715986267    -0.0032238171924997       -0.0220798808711022    -0.0382434780679634        0.0000000000000000     0.0000000000000000
     0.0000000000000000     0.0000000000000000        0.0000000000000000     0.0000000000000000       -0.0216318519488573    -0.0374674691591422
    5    5
     0.1386996104193385     0.0000000000000000       -0.0086032128343319     0.0000000000000000        0.0000000000000000     0.0000000000000000
    -0.0086032128343319     0.0000000000000000        0.1386996104193385     0.0000000000000000        0.0000000000000000     0.0000000000000000
     0.0000000000000000     0.0000000000000000        0.0000000000000000     0.0000000000000000        0.1675110051996045     0.0000000000000000

     Dynamical Matrix in cartesian axes

     q = (     0.083316033904    -0.083316033904     0.000000000000 )

    1    1
     0.2009738434378571     0.0000000000000000       -0.0098729744391775     0.0000000000000000        0.0000000000000000     0.0000000000000000
    -0.0098729744391775     0.0000000000000000        0.2009738434378571     0.0000000000000000        0.0000000000000000     0.0000000000000000
     0.0000000000000000     0.0000000000000000        0.0000000000000000     0.0000000000000000        0.1276002759810091     0.0000000000000000
    1    2
    -0.0211643131718961     0.0000000000000000       -0.1376535515261877     0.0000000000000000        0.0000000000000000     0.0000000000000000
    -0.1376535515261877     0.0000000000000000       -0.0211643131718961     0.0000000000000000        0.0000000000000000     0.0000000000000000
     0.0000000000000000     0.0000000000000000        0.0000000000000000     0.0000000000000000       -0.0202447873232273     0.0000000000000000
    1    3
    -0.0206167187158030    -0.0357092067046930        0.0041817020258872     0.0072429208584672        0.0000000000000000     0.0000000000000000
     0.0083573722138699     0.0144753942665174       -0.0043019592210921    -0.0074512124445577        0.0000000000000000     0.0000000000000000
     0.0000000000000000     0.0000000000000000        0.0000000000000000     0.0000000000000000       -0.0039376540709079    -0.0068202173725078
    1    4
    -0.0043019592210921     0.0074512124445577        0.0083573722138699    -0.0144753942665174        0.0000000000000000     0.0000000000000000
     0.0041817020258872    -0.0072429208584672       -0.0206167187158030     0.0357092067046930        0.0000000000000000     0.0000000000000000
     0.0000000000000000     0.0000000000000000        0.0000000000000000     0.0000000000000000       -0.0039376540709079     0.0068202173725078
    1    5
    -0.0038221289564921     0.0000000000000000        0.0088512428666570     0.0000000000000000        0.0000000000000000     0.0000000000000000
     0.0088512428666570     0.0000000000000000       -0.0038221289564921     0.0000000000000000        0.0000000000000000     0.0000000000000000
     0.0000000000000000     0.0000000000000000        0.0000000000000000     0.0000000000000000       -0.0073909108135581     0.0000000000000000
    2    1
    -0.0211643131718961     0.0000000000000000       -0.1376535515261877     0.0000000000000000        0.0000000000000000     0.0000000000000000
    -0.1376535515261877     0.0000000000000000       -0.0211643131718961     0.0000000000000000        0.0000000000000000     0.0000000000000000
     0.0000000000000000     0.0000000000000000        0.0000000000000000     0.0000000000000000       -0.0202447873232273     0.0000000000000000
    2    2
     0.4301697296486618     0.0000000000000000       -0.0020934431535101     0.0000000000000000        0.0000000000000000     0.0000000000000000
    -0.0020934431535101     0.0000000000000000        0.4301697296486618     0.0000000000000000        0.0000000000000000     0.0000000000000000
     0.0000000000000000     0.0000000000000000        0.0000000000000000     0.0000000000000000        0.0821438150461962     0.0000000000000000
    2    3
     0.0085637070293990     0.0148327766744395        0.0021187598213086     0.0036697999065541        0.0000000000000000     0.0000000000000000
     0.0112306723752237     0.0194520964663569       -0.0250291579414984    -0.0433517761433241        0.0000000000000000     0.0000000000000000
     0.0000000000000000     0.0000000000000000        0.0000000000000000     0.0000000000000000       -0.0063245007364876    -0.0109543573454348
    2    4
    -0.0250291579414984     0.0433517761433241        0.0112306723752237    -0.0194520964663569        0.0000000000000000     0.0000000000000000
     0.0021187598213086    -0.0036697999065541        0.0085637070293990    -0.0148327766744395        0.0000000000000000     0.0000000000000000
     0.0000000000000000     0.0000000000000000        0.0000000000000000     0.0000000000000000       -0.0063245007364876     0.0109543573454348
    2    5
    -0.0895744024005367     0.0000000000000000        0.0035360212020169     0.0000000000000000        0.0000000000000000     0.0000000000000000
     0.0035360212020169     0.0000000000000000       -0.0895744024005367     0.0000000000000000        0.0000000000000000     0.0000000000000000
     0.0000000000000000     0.0000000000000000        0.0000000000000000     0.0000000000000000        0.0351299891294129     0.0000000000000000
    3    1
    -0.0206167187158030     0.0357092067046930        0.0083573722138699    -0.0144753942665174        0.0000000000000000     0.0000000000000000
     0.0041817020258872    -0.0072429208584672       -0.0043019592210921     0.0074512124445577        0.0000000000000000     0.0000000000000000
     0.0000000000000000     0.0000000000000000        0.0000000000000000     0.0000000000000000       -0.0039376540709079     0.0068202173725078
    3    2
     0.0085637070293990    -0.0148327766744395        0.0112306723752237    -0.0194520964663569        0.0000000000000000     0.0000000000000000
