Dynamical matrix file
File generated with the CellConstructor by Lorenzo Monacelli
2 48 0     1.8897259890000000     0.0000000000000000     0.0000000000000000     0.0000000000000000     0.0000000000000000     0.0000000000000000
Basis vectors
    6.1702456597108073     0.0000000000000000     0.0000000000000000
    0.0000000000000000     6.1702456597108073     0.0000000000000000
    0.0000000000000000    -0.0000000000000000     6.1357829976301375
	1  'O '  14582.1964270640200994
	2  'H '    918.8360559075086940
    1     1     3.0851228283471581     0.0000000000000000     1.6009352545159918
    2     1     1.5425614141735791     1.5425614141735766     0.0669895058732442
    3     1     1.5425614141735791     1.5425614141735766     3.0009019914122756
    4     1     0.0000000000000000    -0.0000000000000000     1.4669562427695151
    5     1    -0.0000000000000000     0.0000000000000000     4.6688267513831985
    6     1     1.5425614141735791     4.6276842425207425     3.1348810031587417
    7     1     1.5425614141735791     4.6276842425207425     6.0687934886978088
    8     1     3.0851228283471581     0.0000000000000000     4.5348477400550466
    9     1     0.0000000000000000     3.0851228283471532     1.6009352545159918
   10     1     4.6276842425207425     4.6276842425207425     0.0669895058732442
   11     1     4.6276842425207425     4.6276842425207425     3.0009019914122756
   12     1     3.0851228283471581     3.0851228283471532     1.4669562427695151
   13     1     3.0851228283471581     3.0851228283471532     4.6688267513831985
   14     1     4.6276842425207425     1.5425614141735766     3.1348810031587417
   15     1     4.6276842425207425     1.5425614141735766     6.0687934886978088
   16     1     0.0000000000000000     3.0851228283471532     4.5348477400550466
   17     2     3.6621386261697539     5.5932298588717675     1.0002243554272450
   18     2     2.1195772119961820     5.2047000403432984     2.5341701040700424
   19     2     4.0506684446981991     0.9655456163509709     2.5341701040700424
   20     2     2.5081070305245619     0.5770157978226093     1.0002243554272450
   21     2     0.9655456163509646     5.2047000403432984     0.5337213932154887
   22     2     2.5081070305245659     2.5081070305245619     2.0676671418582275
   23     2     0.5770157978226093     0.5770157978226093     2.0676671418582275
   24     2     2.1195772119961735     4.0506684446982062     0.5337213932154887
   25     2     0.5770157978226078     5.5932298588717675     4.0681158527128281
   26     2     2.1195772119961735     2.1195772119961767     5.6020616013555919
   27     2     0.9655456163509646     0.9655456163509646     5.6020616013555919
   28     2     2.5081070305245659     3.6621386261697539     4.0681158527128281
   29     2     4.0506684446981946     5.2047000403432948     3.6016128905009999
   30     2     2.5081070305245619     5.5932298588717675     5.1355586391436905
   31     2     3.6621386261697539     0.5770157978226054     5.1355586391436905
   32     2     2.1195772119961820     0.9655456163509636     3.6016128905009999
   33     2     0.5770157978226039     2.5081070305245619     1.0002243554272450
   34     2     5.2047000403432948     2.1195772119961820     2.5341701040700424
   35     2     0.9655456163509671     4.0506684446981946     2.5341701040700424
   36     2     5.5932298588717675     3.6621386261697539     1.0002243554272450
   37     2     4.0506684446981946     2.1195772119961767     0.5337213932154876
   38     2     5.5932298588717675     5.5932298588717675     2.0676671418582275
   39     2     3.6621386261697539     3.6621386261697539     2.0676671418582275
   40     2     5.2047000403432877     0.9655456163509690     0.5337213932154881
   41     2     3.6621386261697539     2.5081070305245619     4.0681158527128281
   42     2     5.2047000403432877     5.2047000403432948     5.6020616013555919
   43     2     4.0506684446981946     4.0506684446981946     5.6020616013555919
   44     2     5.5932298588717675     0.5770157978226054     4.0681158527128281
   45     2     0.9655456163509671     2.1195772119961767     3.6016128905009999
   46     2     5.5932298588717675     2.5081070305245619     5.1355586391436905
   47     2     0.5770157978226039     3.6621386261697539     5.1355586391436905
   48     2     5.2047000403432948     4.0506684446981946     3.6016128905009999

     Dynamical Matrix in cartesian axes

     q = (    0.000000000000   0.000000000000   0.000000000000 )

    1    1
     0.5938330022634060     0.0000000000000000       -0.4006602058590307     0.0000000000000000       -0.0000000000000000     0.0000000000000000
    -0.4006602058590307     0.0000000000000000        0.5938330022634060     0.0000000000000000        0.0000000000000000     0.0000000000000000
    -0.0000000000000000     0.0000000000000000        0.0000000000000000     0.0000000000000000        0.6820140166329440     0.0000000000000000
    1    2
    -0.0247142868220658     0.0000000000000000        0.0316669888902429     0.0000000000000000       -0.0335342191208656     0.0000000000000000
     0.0316669888902429     0.0000000000000000       -0.0247142868220658     0.0000000000000000        0.0335342191208655     0.0000000000000000
    -0.0272636451690216     0.0000000000000000        0.0272636451690216     0.0000000000000000       -0.0218805917327586     0.0000000000000000
    1    3
    -0.0130978052884000     0.0000000000000000        0.0142155044927997     0.0000000000000000        0.0154499367165788     0.0000000000000000
     0.0142155044927997     0.0000000000000000       -0.0130978052884000     0.0000000000000000       -0.0154499367165788     0.0000000000000000
     0.0154499367165788     0.0000000000000000       -0.0154499367165788     0.0000000000000000       -0.0142017657440995     0.0000000000000000
    1    4
    -0.0232372472347063     0.0000000000000000        0.0000072984789015     0.0000000000000000        0.0000000000000000     0.0000000000000000
    -0.0000072984789015     0.0000000000000000        0.0087448461351076     0.0000000000000000        0.0000000000000000     0.0000000000000000
    -0.0000000000000000     0.0000000000000000        0.0000000000000000     0.0000000000000000        0.0067777474668694     0.0000000000000000
    1    5
    -0.0103671950079940     0.0000000000000000       -0.0000205862466256     0.0000000000000000       -0.0000000000000000     0.0000000000000000
    -0.0000205862466256     0.0000000000000000        0.0105732146340838     0.0000000000000000        0.0000000000000000     0.0000000000000000
    -0.0000000000000000     0.0000000000000000        0.0000000000000000     0.0000000000000000       -0.0090701416335041     0.0000000000000000
    1    6
    -0.0247142868220658     0.0000000000000000       -0.0316669888902429     0.0000000000000000        0.0272636451690216     0.0000000000000000
    -0.0316669888902429     0.0000000000000000       -0.0247142868220658     0.0000000000000000        0.0272636451690216     0.0000000000000000
     0.0335342191208656     0.0000000000000000        0.0335342191208656     0.0000000000000000       -0.0218805917327586     0.0000000000000000
    1    7
    -0.0120463465984756     0.0000000000000000       -0.0133946411654201     0.0000000000000000       -0.0125446496695158     0.0000000000000000
    -0.0133946411654201     0.0000000000000000       -0.0120463465984756     0.0000000000000000       -0.0125446496695158     0.0000000000000000
    -0.0125446496695158     0.0000000000000000       -0.0125446496695158     0.0000000000000000       -0.0093141026516221     0.0000000000000000
    1    8
     0.0093561697480374     0.0000000000000000        0.0000000000000000     0.0000000000000000        0.0000000000000000     0.0000000000000000
    -0.0000000000000000     0.0000000000000000        0.0093561697480374     0.0000000000000000        0.0000000000000000     0.0000000000000000
    -0.0000000000000000     0.0000000000000000        0.0000000000000000     0.0000000000000000       -0.0210182605804159     0.0000000000000000
    1    9
    -0.0110492033840317     0.0000000000000000       -0.0003332899134602     0.0000000000000000       -0.0000000000000000     0.0000000000000000
    -0.0003332899134602     0.0000000000000000       -0.0110492033840317     0.0000000000000000       -0.0000000000000000     0.0000000000000000
    -0.0000000000000000     0.0000000000000000       -0.0000000000000000     0.0000000000000000        0.0087148612783289     0.0000000000000000
    1   10
    -0.0247142868220658     0.0000000000000000        0.0316669888902429     0.0000000000000000        0.0335342191208656     0.0000000000000000
     0.0316669888902429     0.0000000000000000       -0.0247142868220658     0.0000000000000000       -0.0335342191208655     0.0000000000000000
     0.0272636451690216     0.0000000000000000       -0.0272636451690216     0.0000000000000000       -0.0218805917327586     0.0000000000000000
    1   11
    -0.0130978052884000     0.0000000000000000        0.0142155044927997     0.0000000000000000       -0.0154499367165788     0.0000000000000000
     0.0142155044927997     0.0000000000000000       -0.0130978052884000     0.0000000000000000        0.0154499367165788     0.0000000000000000
    -0.0154499367165788     0.0000000000000000        0.0154499367165788     0.0000000000000000       -0.0142017657440995     0.0000000000000000
    1   12
     0.0087448461351076     0.0000000000000000       -0.0000072984789015     0.0000000000000000       -0.0000000000000000     0.0000000000000000
     0.0000072984789015     0.0000000000000000       -0.0232372472347063     0.0000000000000000       -0.0000000000000000     0.0000000000000000
     0.0000000000000000     0.0000000000000000       -0.0000000000000000     0.0000000000000000        0.0067777474668694     0.0000000000000000
    1   13
     0.0105732146340838     0.0000000000000000       -0.0000205862466256     0.0000000000000000       -0.0000000000000000     0.0000000000000000
    -0.0000205862466256     0.0000000000000000       -0.0103671950079940     0.0000000000000000       -0.0000000000000000     0.0000000000000000
    -0.0000000000000000     0.0000000000000000       -0.0000000000000000     0.0000000000000000       -0.0090701416335041     0.0000000000000000
    1   14
    -0.0247142868220658     0.0000000000000000       -0.0316669888902429     0.0000000000000000       -0.0272636451690216     0.0000000000000000
    -0.0316669888902429     0.0000000000000000       -0.0247142868220658     0.0000000000000000       -0.0272636451690216     0.0000000000000000
    -0.0335342191208656     0.0000000000000000       -0.0335342191208656     0.0000000000000000       -0.0218805917327586     0.0000000000000000
    1   15
    -0.0120463465984756     0.0000000000000000       -0.0133946411654201     0.0000000000000000        0.0125446496695158     0.0000000000000000
    -0.0133946411654201     0.0000000000000000       -0.0120463465984756     0.0000000000000000        0.0125446496695158     0.0000000000000000
     0.0125446496695158     0.0000000000000000        0.0125446496695158     0.0000000000000000       -0.0093141026516221     0.0000000000000000
    1   16
    -0.0137253598054066     0.0000000000000000        0.0000000000000000     0.0000000000000000        0.0000000000000000     0.0000000000000000
     0.0000000000000000     0.0000000000000000       -0.0137253598054066     0.0000000000000000       -0.0000000000000000     0.0000000000000000
     0.0000000000000000     0.0000000000000000       -0.0000000000000000     0.0000000000000000       -0.0111273278570749     0.0000000000000000
    1   17
    -0.2204575002971013     0.0000000000000000        0.1733111883731280     0.0000000000000000        0.1844936642470384     0.0000000000000000
     0.1733111883731281     0.0000000000000000       -0.2204575002971013     0.0000000000000000       -0.1844936642470384     0.0000000000000000
     0.1567811848711474     0.0000000000000000       -0.1567811848711472     0.0000000000000000       -0.2751212754208208     0.0000000000000000
    1   18
    -0.0035034699365103     0.0000000000000000        0.0204507708404138     0.0000000000000000       -0.0211866286374213     0.0000000000000000
     0.0204507708404138     0.0000000000000000       -0.0035034699365103     0.0000000000000000       -0.0211866286374213     0.0000000000000000
    -0.0212405929726281     0.0000000000000000       -0.0212405929726281     0.0000000000000000        0.0050510412314175     0.0000000000000000
    1   19
    -0.0035034699365103     0.0000000000000000        0.0204507708404138     0.0000000000000000        0.0211866286374213     0.0000000000000000
     0.0204507708404138     0.0000000000000000       -0.0035034699365103     0.0000000000000000        0.0211866286374213     0.0000000000000000
     0.0212405929726281     0.0000000000000000        0.0212405929726281     0.0000000000000000        0.0050510412314175     0.0000000000000000
    1   20
    -0.2204575002971013     0.0000000000000000        0.1733111883731280     0.0000000000000000       -0.1844936642470384     0.0000000000000000
     0.1733111883731281     0.0000000000000000       -0.2204575002971013     0.0000000000000000        0.1844936642470384     0.0000000000000000
    -0.1567811848711474     0.0000000000000000        0.1567811848711472     0.0000000000000000       -0.2751212754208208     0.0000000000000000
    1   21
     0.0094045733321687     0.0000000000000000       -0.0008675835813190     0.0000000000000000       -0.0002842628088338     0.0000000000000000
     0.0053129051941089     0.0000000000000000       -0.0044377762883297     0.0000000000000000       -0.0017903305857071     0.0000000000000000
     0.0043234955468672     0.0000000000000000       -0.0027906592562752     0.0000000000000000       -0.0050942772753548     0.0000000000000000
    1   22
    -0.0049150945001984     0.0000000000000000       -0.0027104633893161     0.0000000000000000        0.0020375559141742     0.0000000000000000
     0.0007408563645783     0.0000000000000000        0.0073599362271346     0.0000000000000000       -0.0011981415996091     0.0000000000000000
     0.0016972635708777     0.0000000000000000        0.0022309534631486     0.0000000000000000       -0.0042157770304582     0.0000000000000000
    1   23
     0.0073599362271346     0.0000000000000000        0.0007408563645783     0.0000000000000000        0.0011981415996091     0.0000000000000000
    -0.0027104633893161     0.0000000000000000       -0.0049150945001984     0.0000000000000000       -0.0020375559141742     0.0000000000000000
    -0.0022309534631486     0.0000000000000000       -0.0016972635708777     0.0000000000000000       -0.0042157770304582     0.0000000000000000
    1   24
    -0.0044377762883297     0.0000000000000000        0.0053129051941089     0.0000000000000000       -0.0017903305857071     0.0000000000000000
    -0.0008675835813191     0.0000000000000000        0.0094045733321687     0.0000000000000000       -0.0002842628088338     0.0000000000000000
    -0.0027906592562752     0.0000000000000000        0.0043234955468672     0.0000000000000000       -0.0050942772753548     0.0000000000000000
    1   25
     0.0047280050655586     0.0000000000000000       -0.0036306578150677     0.0000000000000000       -0.0033491375334938     0.0000000000000000
     0.0035982675873311     0.0000000000000000       -0.0061590776639835     0.0000000000000000       -0.0033787344895313     0.0000000000000000
    -0.0026356647500216     0.0000000000000000        0.0031102636412536     0.0000000000000000        0.0046607829890769     0.0000000000000000
    1   26
    -0.0067580885830425     0.0000000000000000       -0.0028628528002887     0.0000000000000000        0.0026048734391179     0.0000000000000000
     0.0053818043306554     0.0000000000000000        0.0049484959687108     0.0000000000000000       -0.0024689917398130     0.0000000000000000
    -0.0058370705055461     0.0000000000000000       -0.0031674389791901     0.0000000000000000        0.0038209796742439     0.0000000000000000
    1   27
     0.0049484959687108     0.0000000000000000        0.0053818043306554     0.0000000000000000        0.0024689917398130     0.0000000000000000
    -0.0028628528002887     0.0000000000000000       -0.0067580885830425     0.0000000000000000       -0.0026048734391179     0.0000000000000000
     0.0031674389791901     0.0000000000000000        0.0058370705055461     0.0000000000000000        0.0038209796742439     0.0000000000000000
    1   28
    -0.0061590776639835     0.0000000000000000        0.0035982675873311     0.0000000000000000       -0.0033787344895313     0.0000000000000000
    -0.0036306578150677     0.0000000000000000        0.0047280050655586     0.0000000000000000       -0.0033491375334938     0.0000000000000000
     0.0031102636412536     0.0000000000000000       -0.0026356647500216     0.0000000000000000        0.0046607829890769     0.0000000000000000
    1   29
    -0.0054166533972113     0.0000000000000000        0.0027398813766406     0.0000000000000000        0.0041262159215940     0.0000000000000000
     0.0027398813766406     0.0000000000000000       -0.0054166533972113     0.0000000000000000       -0.0041262159215940     0.0000000000000000
    -0.0018445790918531     0.0000000000000000        0.0018445790918531     0.0000000000000000        0.0074863187542176     0.0000000000000000
    1   30
    -0.0045587094144496     0.0000000000000000       -0.0019943793774600     0.0000000000000000        0.0024354072750533     0.0000000000000000
    -0.0019943793774600     0.0000000000000000       -0.0045587094144496     0.0000000000000000        0.0024354072750533     0.0000000000000000
    -0.0013794266048047     0.0000000000000000       -0.0013794266048047     0.0000000000000000        0.0060098629517362     0.0000000000000000
    1   31
    -0.0045587094144496     0.0000000000000000       -0.0019943793774600     0.0000000000000000       -0.0024354072750533     0.0000000000000000
    -0.0019943793774600     0.0000000000000000       -0.0045587094144496     0.0000000000000000       -0.0024354072750533     0.0000000000000000
     0.0013794266048047     0.0000000000000000        0.0013794266048047     0.0000000000000000        0.0060098629517362     0.0000000000000000
    1   32
    -0.0054166533972113     0.0000000000000000        0.0027398813766406     0.0000000000000000       -0.0041262159215940     0.0000000000000000
     0.0027398813766406     0.0000000000000000       -0.0054166533972113     0.0000000000000000        0.0041262159215940     0.0000000000000000
     0.0018445790918531     0.0000000000000000       -0.0018445790918531     0.0000000000000000        0.0074863187542176     0.0000000000000000
    1   33
     0.0044343151178306     0.0000000000000000       -0.0028746291150363     0.0000000000000000       -0.0028981764881977     0.0000000000000000
    -0.0028746291150363     0.0000000000000000        0.0044343151178306     0.0000000000000000        0.0028981764881977     0.0000000000000000
     0.0027903881062607     0.0000000000000000       -0.0027903881062607     0.0000000000000000       -0.0053592176640984     0.0000000000000000
    1   34
     0.0058741402819173     0.0000000000000000        0.0036873598508931     0.0000000000000000       -0.0063708638006034     0.0000000000000000
     0.0036873598508931     0.0000000000000000        0.0058741402819173     0.0000000000000000       -0.0063708638006034     0.0000000000000000
     0.0034309843195804     0.0000000000000000        0.0034309843195804     0.0000000000000000       -0.0068811292471742     0.0000000000000000
    1   35
     0.0058741402819173     0.0000000000000000        0.0036873598508931     0.0000000000000000        0.0063708638006034     0.0000000000000000
     0.0036873598508931     0.0000000000000000        0.0058741402819173     0.0000000000000000        0.0063708638006034     0.0000000000000000
    -0.0034309843195804     0.0000000000000000       -0.0034309843195804     0.0000000000000000       -0.0068811292471742     0.0000000000000000
    1   36
     0.0044343151178306     0.0000000000000000       -0.0028746291150363     0.0000000000000000        0.0028981764881977     0.0000000000000000
    -0.0028746291150363     0.0000000000000000        0.0044343151178306     0.0000000000000000       -0.0028981764881977     0.0000000000000000
    -0.0027903881062607     0.0000000000000000        0.0027903881062607     0.0000000000000000       -0.0053592176640984     0.0000000000000000
    1   37
    -0.0044377762883297     0.0000000000000000        0.0053129051941089     0.0000000000000000        0.0017903305857071     0.0000000000000000
    -0.0008675835813191     0.0000000000000000        0.0094045733321687     0.0000000000000000        0.0002842628088338     0.0000000000000000
     0.0027906592562752     0.0000000000000000       -0.0043234955468672     0.0000000000000000       -0.0050942772753548     0.0000000000000000
    1   38
     0.0073599362271346     0.0000000000000000        0.0007408563645783     0.0000000000000000       -0.0011981415996091     0.0000000000000000
    -0.0027104633893161     0.0000000000000000       -0.0049150945001984     0.0000000000000000        0.0020375559141742     0.0000000000000000
     0.0022309534631486     0.0000000000000000        0.0016972635708777     0.0000000000000000       -0.0042157770304582     0.0000000000000000
    1   39
    -0.0049150945001984     0.0000000000000000       -0.0027104633893161     0.0000000000000000       -0.0020375559141742     0.0000000000000000
     0.0007408563645783     0.0000000000000000        0.0073599362271346     0.0000000000000000        0.0011981415996091     0.0000000000000000
    -0.0016972635708777     0.0000000000000000       -0.0022309534631486     0.0000000000000000       -0.0042157770304582     0.0000000000000000
    1   40
     0.0094045733321687     0.0000000000000000       -0.0008675835813190     0.0000000000000000        0.0002842628088338     0.0000000000000000
     0.0053129051941089     0.0000000000000000       -0.0044377762883297     0.0000000000000000        0.0017903305857071     0.0000000000000000
    -0.0043234955468672     0.0000000000000000        0.0027906592562752     0.0000000000000000       -0.0050942772753548     0.0000000000000000
    1   41
    -0.0061590776639835     0.0000000000000000        0.0035982675873311     0.0000000000000000        0.0033787344895313     0.0000000000000000
    -0.0036306578150677     0.0000000000000000        0.0047280050655586     0.0000000000000000        0.0033491375334938     0.0000000000000000
    -0.0031102636412536     0.0000000000000000        0.0026356647500216     0.0000000000000000        0.0046607829890769     0.0000000000000000
    1   42
     0.0049484959687108     0.0000000000000000        0.0053818043306554     0.0000000000000000       -0.0024689917398130     0.0000000000000000
    -0.0028628528002887     0.0000000000000000       -0.0067580885830425     0.0000000000000000        0.0026048734391179     0.0000000000000000
    -0.0031674389791901     0.0000000000000000       -0.0058370705055461     0.0000000000000000        0.0038209796742439     0.0000000000000000
    1   43
    -0.0067580885830425     0.0000000000000000       -0.0028628528002887     0.0000000000000000       -0.0026048734391179     0.0000000000000000
     0.0053818043306554     0.0000000000000000        0.0049484959687108     0.0000000000000000        0.0024689917398130     0.0000000000000000
     0.0058370705055461     0.0000000000000000        0.0031674389791901     0.0000000000000000        0.0038209796742439     0.0000000000000000
    1   44
     0.0047280050655586     0.0000000000000000       -0.0036306578150677     0.0000000000000000        0.0033491375334938     0.0000000000000000
     0.0035982675873311     0.0000000000000000       -0.0061590776639835     0.0000000000000000        0.0033787344895313     0.0000000000000000
     0.0026356647500216     0.0000000000000000       -0.0031102636412536     0.0000000000000000        0.0046607829890769     0.0000000000000000
    1   45
     0.0063526901281610     0.0000000000000000       -0.0029061825480460     0.0000000000000000       -0.0033654038748586     0.0000000000000000
    -0.0029061825480460     0.0000000000000000        0.0063526901281610     0.0000000000000000        0.0033654038748586     0.0000000000000000
    -0.0035716878810096     0.0000000000000000        0.0035716878810096     0.0000000000000000        0.0061813332646019     0.0000000000000000
    1   46
     0.0056128258161037     0.0000000000000000        0.0023201855142762     0.0000000000000000       -0.0020017361494470     0.0000000000000000
     0.0023201855142762     0.0000000000000000        0.0056128258161037     0.0000000000000000       -0.0020017361494470     0.0000000000000000
    -0.0018766587505053     0.0000000000000000       -0.0018766587505053     0.0000000000000000        0.0045674507060869     0.0000000000000000
    1   47
     0.0056128258161037     0.0000000000000000        0.0023201855142762     0.0000000000000000        0.0020017361494470     0.0000000000000000
     0.0023201855142762     0.0000000000000000        0.0056128258161037     0.0000000000000000        0.0020017361494470     0.0000000000000000
     0.0018766587505053     0.0000000000000000        0.0018766587505053     0.0000000000000000        0.0045674507060869     0.0000000000000000
    1   48
     0.0063526901281610     0.0000000000000000       -0.0029061825480460     0.0000000000000000        0.0033654038748586     0.0000000000000000
    -0.0029061825480460     0.0000000000000000        0.0063526901281610     0.0000000000000000       -0.0033654038748586     0.0000000000000000
     0.0035716878810096     0.0000000000000000       -0.0035716878810096     0.0000000000000000        0.0061813332646019     0.0000000000000000
    2    1
    -0.0247142868220658     0.0000000000000000        0.0316669888902429     0.0000000000000000       -0.0272636451690216     0.0000000000000000
     0.0316669888902429     0.0000000000000000       -0.0247142868220658     0.0000000000000000        0.0272636451690216     0.0000000000000000
    -0.0335342191208656     0.0000000000000000        0.0335342191208656     0.0000000000000000       -0.0218805917327586     0.0000000000000000
    2    2
     0.5938330022634061     0.0000000000000000        0.4006602058590307     0.0000000000000000       -0.0000000000000000     0.0000000000000000
     0.4006602058590307     0.0000000000000000        0.5938330022634061     0.0000000000000000       -0.0000000000000000     0.0000000000000000
    -0.0000000000000000     0.0000000000000000       -0.0000000000000000     0.0000000000000000        0.6820140166329439     0.0000000000000000
    2    3
     0.0093561697480374     0.0000000000000000       -0.0000000000000000     0.0000000000000000       -0.0000000000000000     0.0000000000000000
    -0.0000000000000000     0.0000000000000000        0.0093561697480374     0.0000000000000000       -0.0000000000000000     0.0000000000000000
     0.0000000000000000     0.0000000000000000        0.0000000000000000     0.0000000000000000       -0.0210182605804159     0.0000000000000000
    2    4
    -0.0130978052884000     0.0000000000000000       -0.0142155044927997     0.0000000000000000        0.0154499367165788     0.0000000000000000
    -0.0142155044927997     0.0000000000000000       -0.0130978052884000     0.0000000000000000        0.0154499367165788     0.0000000000000000
     0.0154499367165788     0.0000000000000000        0.0154499367165788     0.0000000000000000       -0.0142017657440995     0.0000000000000000
    2    5
    -0.0247142868220658     0.0000000000000000       -0.0316669888902429     0.0000000000000000       -0.0335342191208655     0.0000000000000000
    -0.0316669888902429     0.0000000000000000       -0.0247142868220658     0.0000000000000000       -0.0335342191208655     0.0000000000000000
    -0.0272636451690216     0.0000000000000000       -0.0272636451690216     0.0000000000000000       -0.0218805917327586     0.0000000000000000
    2    6
     0.0105732146340838     0.0000000000000000        0.0000205862466256     0.0000000000000000       -0.0000000000000000     0.0000000000000000
     0.0000205862466256     0.0000000000000000       -0.0103671950079940     0.0000000000000000       -0.0000000000000000     0.0000000000000000
    -0.0000000000000000     0.0000000000000000        0.0000000000000000     0.0000000000000000       -0.0090701416335041     0.0000000000000000
    2    7
     0.0087448461351076     0.0000000000000000        0.0000072984789015     0.0000000000000000       -0.0000000000000000     0.0000000000000000
    -0.0000072984789015     0.0000000000000000       -0.0232372472347063     0.0000000000000000       -0.0000000000000000     0.0000000000000000
     0.0000000000000000     0.0000000000000000       -0.0000000000000000     0.0000000000000000        0.0067777474668694     0.0000000000000000
    2    8
    -0.0120463465984756     0.0000000000000000        0.0133946411654201     0.0000000000000000        0.0125446496695158     0.0000000000000000
     0.0133946411654201     0.0000000000000000       -0.0120463465984756     0.0000000000000000       -0.0125446496695158     0.0000000000000000
     0.0125446496695158     0.0000000000000000       -0.0125446496695158     0.0000000000000000       -0.0093141026516221     0.0000000000000000
    2    9
    -0.0247142868220658     0.0000000000000000        0.0316669888902429     0.0000000000000000        0.0272636451690216     0.0000000000000000
     0.0316669888902429     0.0000000000000000       -0.0247142868220658     0.0000000000000000       -0.0272636451690216     0.0000000000000000
     0.0335342191208656     0.0000000000000000       -0.0335342191208656     0.0000000000000000       -0.0218805917327586     0.0000000000000000
    2   10
    -0.0110492033840317     0.0000000000000000        0.0003332899134602     0.0000000000000000       -0.0000000000000000     0.0000000000000000
     0.0003332899134602     0.0000000000000000       -0.0110492033840317     0.0000000000000000       -0.0000000000000000     0.0000000000000000
     0.0000000000000000     0.0000000000000000        0.0000000000000000     0.0000000000000000        0.0087148612783289     0.0000000000000000
    2   11
    -0.0137253598054066     0.0000000000000000       -0.0000000000000000     0.0000000000000000       -0.0000000000000000     0.0000000000000000
    -0.0000000000000000     0.0000000000000000       -0.0137253598054066     0.0000000000000000       -0.0000000000000000     0.0000000000000000
    -0.0000000000000000     0.0000000000000000       -0.0000000000000000     0.0000000000000000       -0.0111273278570749     0.0000000000000000
    2   12
    -0.0130978052884000     0.0000000000000000       -0.0142155044927997     0.0000000000000000       -0.0154499367165788     0.0000000000000000
    -0.0142155044927997     0.0000000000000000       -0.0130978052884000     0.0000000000000000       -0.0154499367165788     0.0000000000000000
    -0.0154499367165788     0.0000000000000000       -0.0154499367165788     0.0000000000000000       -0.0142017657440995     0.0000000000000000
    2   13
    -0.0247142868220658     0.0000000000000000       -0.0316669888902429     0.0000000000000000        0.0335342191208656     0.0000000000000000
    -0.0316669888902429     0.0000000000000000       -0.0247142868220658     0.0000000000000000        0.0335342191208656     0.0000000000000000
     0.0272636451690216     0.0000000000000000        0.0272636451690216     0.0000000000000000       -0.0218805917327586     0.0000000000000000
    2   14
    -0.0103671950079940     0.0000000000000000        0.0000205862466256     0.0000000000000000       -0.0000000000000000     0.0000000000000000
     0.0000205862466256     0.0000000000000000        0.0105732146340838     0.0000000000000000       -0.0000000000000000     0.0000000000000000
     0.0000000000000000     0.0000000000000000       -0.0000000000000000     0.0000000000000000       -0.0090701416335041     0.0000000000000000
    2   15
    -0.0232372472347063     0.0000000000000000       -0.0000072984789015     0.0000000000000000       -0.0000000000000000     0.0000000000000000
     0.0000072984789015     0.0000000000000000        0.0087448461351076     0.0000000000000000       -0.0000000000000000     0.0000000000000000
    -0.0000000000000000     0.0000000000000000        0.0000000000000000     0.0000000000000000        0.0067777474668694     0.0000000000000000
    2   16
    -0.0120463465984756     0.0000000000000000        0.0133946411654201     0.0000000000000000       -0.0125446496695158     0.0000000000000000
     0.0133946411654201     0.0000000000000000       -0.0120463465984756     0.0000000000000000        0.0125446496695158     0.0000000000000000
    -0.0125446496695158     0.0000000000000000        0.0125446496695158     0.0000000000000000       -0.0093141026516221     0.0000000000000000
    2   17
     0.0058741402819173     0.0000000000000000       -0.0036873598508931     0.0000000000000000       -0.0063708638006034     0.0000000000000000
    -0.0036873598508931     0.0000000000000000        0.0058741402819173     0.0000000000000000        0.0063708638006034     0.0000000000000000
     0.0034309843195804     0.0000000000000000       -0.0034309843195804     0.0000000000000000       -0.0068811292471742     0.0000000000000000
    2   18
    -0.0061590776639835     0.0000000000000000       -0.0035982675873311     0.0000000000000000        0.0033787344895313     0.0000000000000000
     0.0036306578150677     0.0000000000000000        0.0047280050655586     0.0000000000000000       -0.0033491375334938     0.0000000000000000
    -0.0031102636412536     0.0000000000000000       -0.0026356647500216     0.0000000000000000        0.0046607829890769     0.0000000000000000
    2   19
     0.0047280050655586     0.0000000000000000        0.0036306578150677     0.0000000000000000        0.0033491375334938     0.0000000000000000
    -0.0035982675873311     0.0000000000000000       -0.0061590776639835     0.0000000000000000       -0.0033787344895313     0.0000000000000000
     0.0026356647500216     0.0000000000000000        0.0031102636412536     0.0000000000000000        0.0046607829890769     0.0000000000000000
    2   20
    -0.0035034699365103     0.0000000000000000       -0.0204507708404138     0.0000000000000000        0.0211866286374213     0.0000000000000000
    -0.0204507708404138     0.0000000000000000       -0.0035034699365103     0.0000000000000000       -0.0211866286374213     0.0000000000000000
     0.0212405929726281     0.0000000000000000       -0.0212405929726281     0.0000000000000000        0.0050510412314175     0.0000000000000000
    2   21
    -0.0049150945001984     0.0000000000000000        0.0027104633893161     0.0000000000000000        0.0020375559141742     0.0000000000000000
    -0.0007408563645783     0.0000000000000000        0.0073599362271346     0.0000000000000000        0.0011981415996091     0.0000000000000000
     0.0016972635708777     0.0000000000000000       -0.0022309534631486     0.0000000000000000       -0.0042157770304582     0.0000000000000000
    2   22
    -0.0054166533972113     0.0000000000000000       -0.0027398813766407     0.0000000000000000        0.0041262159215940     0.0000000000000000
    -0.0027398813766407     0.0000000000000000       -0.0054166533972113     0.0000000000000000        0.0041262159215940     0.0000000000000000
    -0.0018445790918531     0.0000000000000000       -0.0018445790918531     0.0000000000000000        0.0074863187542176     0.0000000000000000
    2   23
    -0.0054166533972113     0.0000000000000000       -0.0027398813766407     0.0000000000000000       -0.0041262159215940     0.0000000000000000
    -0.0027398813766407     0.0000000000000000       -0.0054166533972113     0.0000000000000000       -0.0041262159215940     0.0000000000000000
     0.0018445790918531     0.0000000000000000        0.0018445790918531     0.0000000000000000        0.0074863187542176     0.0000000000000000
    2   24
    -0.0049150945001984     0.0000000000000000        0.0027104633893161     0.0000000000000000       -0.0020375559141742     0.0000000000000000
    -0.0007408563645783     0.0000000000000000        0.0073599362271346     0.0000000000000000       -0.0011981415996091     0.0000000000000000
    -0.0016972635708777     0.0000000000000000        0.0022309534631486     0.0000000000000000       -0.0042157770304582     0.0000000000000000
    2   25
    -0.0067580885830425     0.0000000000000000        0.0028628528002887     0.0000000000000000        0.0026048734391179     0.0000000000000000
    -0.0053818043306554     0.0000000000000000        0.0049484959687108     0.0000000000000000        0.0024689917398130     0.0000000000000000
    -0.0058370705055461     0.0000000000000000        0.0031674389791901     0.0000000000000000        0.0038209796742439     0.0000000000000000
    2   26
    -0.2204575002971013     0.0000000000000000       -0.1733111883731280     0.0000000000000000        0.1844936642470384     0.0000000000000000
    -0.1733111883731281     0.0000000000000000       -0.2204575002971013     0.0000000000000000        0.1844936642470384     0.0000000000000000
     0.1567811848711474     0.0000000000000000        0.1567811848711474     0.0000000000000000       -0.2751212754208208     0.0000000000000000
    2   27
    -0.2204575002971013     0.0000000000000000       -0.1733111883731280     0.0000000000000000       -0.1844936642470384     0.0000000000000000
    -0.1733111883731281     0.0000000000000000       -0.2204575002971013     0.0000000000000000       -0.1844936642470384     0.0000000000000000
    -0.1567811848711473     0.0000000000000000       -0.1567811848711473     0.0000000000000000       -0.2751212754208208     0.0000000000000000
    2   28
    -0.0067580885830425     0.0000000000000000        0.0028628528002887     0.0000000000000000       -0.0026048734391179     0.0000000000000000
    -0.0053818043306554     0.0000000000000000        0.0049484959687108     0.0000000000000000       -0.0024689917398130     0.0000000000000000
     0.0058370705055461     0.0000000000000000       -0.0031674389791901     0.0000000000000000        0.0038209796742439     0.0000000000000000
    2   29
     0.0056128258161037     0.0000000000000000       -0.0023201855142762     0.0000000000000000       -0.0020017361494470     0.0000000000000000
    -0.0023201855142762     0.0000000000000000        0.0056128258161037     0.0000000000000000        0.0020017361494470     0.0000000000000000
    -0.0018766587505053     0.0000000000000000        0.0018766587505053     0.0000000000000000        0.0045674507060869     0.0000000000000000
    2   30
    -0.0044377762883297     0.0000000000000000       -0.0053129051941090     0.0000000000000000        0.0017903305857071     0.0000000000000000
     0.0008675835813190     0.0000000000000000        0.0094045733321687     0.0000000000000000       -0.0002842628088338     0.0000000000000000
     0.0027906592562752     0.0000000000000000        0.0043234955468672     0.0000000000000000       -0.0050942772753548     0.0000000000000000
    2   31
     0.0094045733321687     0.0000000000000000        0.0008675835813190     0.0000000000000000        0.0002842628088338     0.0000000000000000
    -0.0053129051941090     0.0000000000000000       -0.0044377762883297     0.0000000000000000       -0.0017903305857071     0.0000000000000000
    -0.0043234955468672     0.0000000000000000       -0.0027906592562752     0.0000000000000000       -0.0050942772753548     0.0000000000000000
    2   32
    -0.0045587094144496     0.0000000000000000        0.0019943793774600     0.0000000000000000       -0.0024354072750533     0.0000000000000000
