Dynamical matrix file
File generated with the CellConstructor by Lorenzo Monacelli
2 48 0     1.8897259890000000     0.0000000000000000     0.0000000000000000     0.0000000000000000     0.0000000000000000     0.0000000000000000
Basis vectors
    6.1702456597108073     0.0000000000000000     0.0000000000000000
    0.0000000000000000     6.1702456597108073     0.0000000000000000
    0.0000000000000000    -0.0000000000000000     6.1357829976301375
	1  'O '  14582.1964270640200994
	2  'H '    918.8360559075086940
    1     1     3.0851228283471581    -0.0000000000000000     1.6010498634663772
    2     1     1.5425614141735791     1.5425614141735766     0.0671041148236296
    3     1     1.5425614141735791     1.5425614141735766     3.0007873824618905
    4     1    -0.0000000000000000    -0.0000000000000000     1.4668416338191297
    5     1     0.0000000000000000     0.0000000000000000     4.6689413603335845
    6     1     1.5425614141735791     4.6276842425207425     3.1349956121091269
    7     1     1.5425614141735791     4.6276842425207425     6.0686788797474227
    8     1     3.0851228283471581     0.0000000000000000     4.5347331311046606
    9     1     0.0000000000000000     3.0851228283471532     1.6010498634663772
   10     1     4.6276842425207425     4.6276842425207425     0.0671041148236296
   11     1     4.6276842425207425     4.6276842425207425     3.0007873824618905
   12     1     3.0851228283471581     3.0851228283471532     1.4668416338191297
   13     1     3.0851228283471581     3.0851228283471532     4.6689413603335845
   14     1     4.6276842425207425     1.5425614141735766     3.1349956121091269
   15     1     4.6276842425207425     1.5425614141735766     6.0686788797474227
   16     1     0.0000000000000000     3.0851228283471532     4.5347331311046606
   17     2     3.6620563787796168     5.5933121062619042     1.0003121224540534
   18     2     2.1194949646060448     5.2046177929531616     2.5342578710968500
   19     2     4.0507506920883358     0.9656278637411082     2.5342578710968500
   20     2     2.5081892779146990     0.5769335504324720     1.0003121224540534
   21     2     0.9656278637411019     5.2046177929531616     0.5336336261886805
   22     2     2.5081892779147030     2.5081892779146990     2.0675793748314200
   23     2     0.5769335504324720     0.5769335504324720     2.0675793748314200
   24     2     2.1194949646060364     4.0507506920883429     0.5336336261886805
   25     2     0.5769335504324705     5.5933121062619042     4.0682036197396378
   26     2     2.1194949646060364     2.1194949646060395     5.6021493683824017
   27     2     0.9656278637411019     0.9656278637411019     5.6021493683824017
   28     2     2.5081892779147030     3.6620563787796168     4.0682036197396378
   29     2     4.0507506920883314     5.2046177929531581     3.6015251234741923
   30     2     2.5081892779146990     5.5933121062619042     5.1354708721168807
   31     2     3.6620563787796168     0.5769335504324681     5.1354708721168807
   32     2     2.1194949646060448     0.9656278637411009     3.6015251234741923
   33     2     0.5769335504324666     2.5081892779146990     1.0003121224540534
   34     2     5.2046177929531581     2.1194949646060448     2.5342578710968500
   35     2     0.9656278637411044     4.0507506920883314     2.5342578710968500
   36     2     5.5933121062619042     3.6620563787796168     1.0003121224540534
   37     2     4.0507506920883314     2.1194949646060395     0.5336336261886794
   38     2     5.5933121062619042     5.5933121062619042     2.0675793748314200
   39     2     3.6620563787796168     3.6620563787796168     2.0675793748314200
   40     2     5.2046177929531510     0.9656278637411063     0.5336336261886798
   41     2     3.6620563787796168     2.5081892779146990     4.0682036197396378
   42     2     5.2046177929531510     5.2046177929531581     5.6021493683824017
   43     2     4.0507506920883314     4.0507506920883314     5.6021493683824017
   44     2     5.5933121062619042     0.5769335504324681     4.0682036197396378
   45     2     0.9656278637411044     2.1194949646060395     3.6015251234741923
   46     2     5.5933121062619042     2.5081892779146990     5.1354708721168807
   47     2     0.5769335504324666     3.6620563787796168     5.1354708721168807
   48     2     5.2046177929531581     4.0507506920883314     3.6015251234741923

     Dynamical Matrix in cartesian axes

     q = (    0.000000000000   0.000000000000   0.000000000000 )

    1    1
     0.5939420526425396     0.0000000000000000       -0.4010084956038018     0.0000000000000000       -0.0000000000000000     0.0000000000000000
    -0.4010084956038018     0.0000000000000000        0.5939420526425397     0.0000000000000000       -0.0000000000000000     0.0000000000000000
    -0.0000000000000000     0.0000000000000000        0.0000000000000000     0.0000000000000000        0.6829699939903195     0.0000000000000000
    1    2
    -0.0245116415025195     0.0000000000000000        0.0315620046733568     0.0000000000000000       -0.0331718185669398     0.0000000000000000
     0.0315620046733568     0.0000000000000000       -0.0245116415025195     0.0000000000000000        0.0331718185669398     0.0000000000000000
    -0.0270862773231098     0.0000000000000000        0.0270862773231098     0.0000000000000000       -0.0221603697829762     0.0000000000000000
    1    3
    -0.0134623761811198     0.0000000000000000        0.0144061600009785     0.0000000000000000        0.0152500220306422     0.0000000000000000
     0.0144061600009785     0.0000000000000000       -0.0134623761811198     0.0000000000000000       -0.0152500220306422     0.0000000000000000
     0.0152500220306422     0.0000000000000000       -0.0152500220306422     0.0000000000000000       -0.0139573052452368     0.0000000000000000
    1    4
    -0.0232163217550518     0.0000000000000000        0.0005817738393070     0.0000000000000000       -0.0000000000000000     0.0000000000000000
    -0.0005817738393070     0.0000000000000000        0.0078831776286116     0.0000000000000000       -0.0000000000000000     0.0000000000000000
    -0.0000000000000000     0.0000000000000000        0.0000000000000000     0.0000000000000000        0.0069789605638044     0.0000000000000000
    1    5
    -0.0103853882027946     0.0000000000000000        0.0000891143300439     0.0000000000000000        0.0000000000000000     0.0000000000000000
     0.0000891143300439     0.0000000000000000        0.0106972834703733     0.0000000000000000       -0.0000000000000000     0.0000000000000000
     0.0000000000000000     0.0000000000000000        0.0000000000000000     0.0000000000000000       -0.0095787064379906     0.0000000000000000
    1    6
    -0.0245116415025195     0.0000000000000000       -0.0315620046733568     0.0000000000000000        0.0270862773231098     0.0000000000000000
    -0.0315620046733568     0.0000000000000000       -0.0245116415025195     0.0000000000000000        0.0270862773231098     0.0000000000000000
     0.0331718185669398     0.0000000000000000        0.0331718185669398     0.0000000000000000       -0.0221603697829762     0.0000000000000000
    1    7
    -0.0121120988984158     0.0000000000000000       -0.0133641071740431     0.0000000000000000       -0.0126359222804494     0.0000000000000000
    -0.0133641071740431     0.0000000000000000       -0.0121120988984158     0.0000000000000000       -0.0126359222804494     0.0000000000000000
    -0.0126359222804494     0.0000000000000000       -0.0126359222804494     0.0000000000000000       -0.0096987578261437     0.0000000000000000
    1    8
     0.0085373346319030     0.0000000000000000        0.0000000000000000     0.0000000000000000        0.0000000000000000     0.0000000000000000
    -0.0000000000000000     0.0000000000000000        0.0085373346319030     0.0000000000000000        0.0000000000000000     0.0000000000000000
     0.0000000000000000     0.0000000000000000       -0.0000000000000000     0.0000000000000000       -0.0202689615884766     0.0000000000000000
    1    9
    -0.0106614041705212     0.0000000000000000       -0.0006539092674819     0.0000000000000000        0.0000000000000000     0.0000000000000000
    -0.0006539092674819     0.0000000000000000       -0.0106614041705212     0.0000000000000000        0.0000000000000000     0.0000000000000000
     0.0000000000000000     0.0000000000000000        0.0000000000000000     0.0000000000000000        0.0096409669770171     0.0000000000000000
    1   10
    -0.0245116415025195     0.0000000000000000        0.0315620046733568     0.0000000000000000        0.0331718185669398     0.0000000000000000
     0.0315620046733568     0.0000000000000000       -0.0245116415025195     0.0000000000000000       -0.0331718185669398     0.0000000000000000
     0.0270862773231098     0.0000000000000000       -0.0270862773231098     0.0000000000000000       -0.0221603697829762     0.0000000000000000
    1   11
    -0.0134623761811198     0.0000000000000000        0.0144061600009785     0.0000000000000000       -0.0152500220306422     0.0000000000000000
     0.0144061600009785     0.0000000000000000       -0.0134623761811198     0.0000000000000000        0.0152500220306422     0.0000000000000000
    -0.0152500220306422     0.0000000000000000        0.0152500220306422     0.0000000000000000       -0.0139573052452368     0.0000000000000000
    1   12
     0.0078831776286116     0.0000000000000000       -0.0005817738393070     0.0000000000000000       -0.0000000000000000     0.0000000000000000
     0.0005817738393070     0.0000000000000000       -0.0232163217550518     0.0000000000000000        0.0000000000000000     0.0000000000000000
     0.0000000000000000     0.0000000000000000        0.0000000000000000     0.0000000000000000        0.0069789605638044     0.0000000000000000
    1   13
     0.0106972834703733     0.0000000000000000        0.0000891143300439     0.0000000000000000        0.0000000000000000     0.0000000000000000
     0.0000891143300439     0.0000000000000000       -0.0103853882027946     0.0000000000000000       -0.0000000000000000     0.0000000000000000
    -0.0000000000000000     0.0000000000000000        0.0000000000000000     0.0000000000000000       -0.0095787064379906     0.0000000000000000
    1   14
    -0.0245116415025195     0.0000000000000000       -0.0315620046733568     0.0000000000000000       -0.0270862773231098     0.0000000000000000
    -0.0315620046733568     0.0000000000000000       -0.0245116415025195     0.0000000000000000       -0.0270862773231098     0.0000000000000000
    -0.0331718185669398     0.0000000000000000       -0.0331718185669398     0.0000000000000000       -0.0221603697829762     0.0000000000000000
    1   15
    -0.0121120988984158     0.0000000000000000       -0.0133641071740431     0.0000000000000000        0.0126359222804494     0.0000000000000000
    -0.0133641071740431     0.0000000000000000       -0.0121120988984158     0.0000000000000000        0.0126359222804494     0.0000000000000000
     0.0126359222804494     0.0000000000000000        0.0126359222804494     0.0000000000000000       -0.0096987578261437     0.0000000000000000
    1   16
    -0.0132536225662784     0.0000000000000000       -0.0000000000000000     0.0000000000000000       -0.0000000000000000     0.0000000000000000
    -0.0000000000000000     0.0000000000000000       -0.0132536225662784     0.0000000000000000        0.0000000000000000     0.0000000000000000
     0.0000000000000000     0.0000000000000000        0.0000000000000000     0.0000000000000000       -0.0118795023062252     0.0000000000000000
    1   17
    -0.2205696199194517     0.0000000000000000        0.1734219659084001     0.0000000000000000        0.1848348982126665     0.0000000000000000
     0.1734219659084001     0.0000000000000000       -0.2205696199194517     0.0000000000000000       -0.1848348982126665     0.0000000000000000
     0.1571272643052652     0.0000000000000000       -0.1571272643052652     0.0000000000000000       -0.2755403100534535     0.0000000000000000
    1   18
    -0.0035046970207905     0.0000000000000000        0.0201146996270571     0.0000000000000000       -0.0210079744335999     0.0000000000000000
     0.0201146996270571     0.0000000000000000       -0.0035046970207905     0.0000000000000000       -0.0210079744335999     0.0000000000000000
    -0.0212808728256239     0.0000000000000000       -0.0212808728256239     0.0000000000000000        0.0049381261389062     0.0000000000000000
    1   19
    -0.0035046970207905     0.0000000000000000        0.0201146996270571     0.0000000000000000        0.0210079744335999     0.0000000000000000
     0.0201146996270571     0.0000000000000000       -0.0035046970207905     0.0000000000000000        0.0210079744335999     0.0000000000000000
     0.0212808728256239     0.0000000000000000        0.0212808728256239     0.0000000000000000        0.0049381261389062     0.0000000000000000
    1   20
    -0.2205696199194517     0.0000000000000000        0.1734219659084001     0.0000000000000000       -0.1848348982126665     0.0000000000000000
     0.1734219659084002     0.0000000000000000       -0.2205696199194516     0.0000000000000000        0.1848348982126665     0.0000000000000000
    -0.1571272643052652     0.0000000000000000        0.1571272643052652     0.0000000000000000       -0.2755403100534535     0.0000000000000000
    1   21
     0.0094476431254191     0.0000000000000000       -0.0007915658296449     0.0000000000000000       -0.0001739530994532     0.0000000000000000
     0.0051809146677153     0.0000000000000000       -0.0042973445763175     0.0000000000000000       -0.0017776823689136     0.0000000000000000
     0.0042374951265544     0.0000000000000000       -0.0024625334028343     0.0000000000000000       -0.0048093653890933     0.0000000000000000
    1   22
    -0.0047306973075727     0.0000000000000000       -0.0023881679451348     0.0000000000000000        0.0018392487606208     0.0000000000000000
     0.0005227208744179     0.0000000000000000        0.0073562287460643     0.0000000000000000       -0.0010162169360180     0.0000000000000000
     0.0016352440540206     0.0000000000000000        0.0023219861597387     0.0000000000000000       -0.0042987771570182     0.0000000000000000
    1   23
     0.0073562287460643     0.0000000000000000        0.0005227208744179     0.0000000000000000        0.0010162169360180     0.0000000000000000
    -0.0023881679451348     0.0000000000000000       -0.0047306973075727     0.0000000000000000       -0.0018392487606208     0.0000000000000000
    -0.0023219861597387     0.0000000000000000       -0.0016352440540206     0.0000000000000000       -0.0042987771570182     0.0000000000000000
    1   24
    -0.0042973445763175     0.0000000000000000        0.0051809146677153     0.0000000000000000       -0.0017776823689136     0.0000000000000000
    -0.0007915658296449     0.0000000000000000        0.0094476431254191     0.0000000000000000       -0.0001739530994532     0.0000000000000000
    -0.0024625334028343     0.0000000000000000        0.0042374951265544     0.0000000000000000       -0.0048093653890933     0.0000000000000000
    1   25
     0.0047744949586414     0.0000000000000000       -0.0034621876070693     0.0000000000000000       -0.0032474947062886     0.0000000000000000
     0.0034594889250817     0.0000000000000000       -0.0063043343940012     0.0000000000000000       -0.0034382173782731     0.0000000000000000
    -0.0027499231552328     0.0000000000000000        0.0032097739989697     0.0000000000000000        0.0047754798817619     0.0000000000000000
    1   26
    -0.0066964031568697     0.0000000000000000       -0.0028524452183411     0.0000000000000000        0.0023384565317901     0.0000000000000000
     0.0054345944360128     0.0000000000000000        0.0048696812233430     0.0000000000000000       -0.0023623709760251     0.0000000000000000
    -0.0058759793903244     0.0000000000000000       -0.0032688572548110     0.0000000000000000        0.0039506998503635     0.0000000000000000
    1   27
     0.0048696812233430     0.0000000000000000        0.0054345944360128     0.0000000000000000        0.0023623709760251     0.0000000000000000
    -0.0028524452183411     0.0000000000000000       -0.0066964031568697     0.0000000000000000       -0.0023384565317901     0.0000000000000000
     0.0032688572548110     0.0000000000000000        0.0058759793903244     0.0000000000000000        0.0039506998503635     0.0000000000000000
    1   28
    -0.0063043343940012     0.0000000000000000        0.0034594889250817     0.0000000000000000       -0.0034382173782731     0.0000000000000000
    -0.0034621876070693     0.0000000000000000        0.0047744949586414     0.0000000000000000       -0.0032474947062886     0.0000000000000000
     0.0032097739989697     0.0000000000000000       -0.0027499231552328     0.0000000000000000        0.0047754798817619     0.0000000000000000
    1   29
    -0.0051340692449728     0.0000000000000000        0.0026646328967262     0.0000000000000000        0.0038363226873286     0.0000000000000000
     0.0026646328967262     0.0000000000000000       -0.0051340692449728     0.0000000000000000       -0.0038363226873286     0.0000000000000000
    -0.0017224376212564     0.0000000000000000        0.0017224376212564     0.0000000000000000        0.0071555477404299     0.0000000000000000
    1   30
    -0.0043966950431582     0.0000000000000000       -0.0018539013774757     0.0000000000000000        0.0022861769973641     0.0000000000000000
    -0.0018539013774757     0.0000000000000000       -0.0043966950431582     0.0000000000000000        0.0022861769973641     0.0000000000000000
    -0.0010390735424256     0.0000000000000000       -0.0010390735424256     0.0000000000000000        0.0058389310935492     0.0000000000000000
    1   31
    -0.0043966950431582     0.0000000000000000       -0.0018539013774757     0.0000000000000000       -0.0022861769973641     0.0000000000000000
    -0.0018539013774757     0.0000000000000000       -0.0043966950431582     0.0000000000000000       -0.0022861769973641     0.0000000000000000
     0.0010390735424256     0.0000000000000000        0.0010390735424256     0.0000000000000000        0.0058389310935492     0.0000000000000000
    1   32
    -0.0051340692449728     0.0000000000000000        0.0026646328967262     0.0000000000000000       -0.0038363226873286     0.0000000000000000
     0.0026646328967262     0.0000000000000000       -0.0051340692449728     0.0000000000000000        0.0038363226873286     0.0000000000000000
     0.0017224376212564     0.0000000000000000       -0.0017224376212564     0.0000000000000000        0.0071555477404299     0.0000000000000000
    1   33
     0.0042915636601541     0.0000000000000000       -0.0028591061529296     0.0000000000000000       -0.0029317999463356     0.0000000000000000
    -0.0028591061529296     0.0000000000000000        0.0042915636601540     0.0000000000000000        0.0029317999463356     0.0000000000000000
     0.0028812622023152     0.0000000000000000       -0.0028812622023152     0.0000000000000000       -0.0056677336433105     0.0000000000000000
    1   34
     0.0058111530275140     0.0000000000000000        0.0038604424515714     0.0000000000000000       -0.0064267822734943     0.0000000000000000
     0.0038604424515714     0.0000000000000000        0.0058111530275140     0.0000000000000000       -0.0064267822734943     0.0000000000000000
     0.0033054528065584     0.0000000000000000        0.0033054528065584     0.0000000000000000       -0.0067950459510010     0.0000000000000000
    1   35
     0.0058111530275140     0.0000000000000000        0.0038604424515714     0.0000000000000000        0.0064267822734943     0.0000000000000000
     0.0038604424515714     0.0000000000000000        0.0058111530275140     0.0000000000000000        0.0064267822734943     0.0000000000000000
    -0.0033054528065584     0.0000000000000000       -0.0033054528065584     0.0000000000000000       -0.0067950459510010     0.0000000000000000
    1   36
     0.0042915636601541     0.0000000000000000       -0.0028591061529296     0.0000000000000000        0.0029317999463356     0.0000000000000000
    -0.0028591061529296     0.0000000000000000        0.0042915636601540     0.0000000000000000       -0.0029317999463356     0.0000000000000000
    -0.0028812622023152     0.0000000000000000        0.0028812622023152     0.0000000000000000       -0.0056677336433105     0.0000000000000000
    1   37
    -0.0042973445763175     0.0000000000000000        0.0051809146677153     0.0000000000000000        0.0017776823689136     0.0000000000000000
    -0.0007915658296449     0.0000000000000000        0.0094476431254191     0.0000000000000000        0.0001739530994532     0.0000000000000000
     0.0024625334028343     0.0000000000000000       -0.0042374951265544     0.0000000000000000       -0.0048093653890933     0.0000000000000000
    1   38
     0.0073562287460643     0.0000000000000000        0.0005227208744179     0.0000000000000000       -0.0010162169360180     0.0000000000000000
    -0.0023881679451348     0.0000000000000000       -0.0047306973075727     0.0000000000000000        0.0018392487606208     0.0000000000000000
     0.0023219861597387     0.0000000000000000        0.0016352440540206     0.0000000000000000       -0.0042987771570182     0.0000000000000000
    1   39
    -0.0047306973075727     0.0000000000000000       -0.0023881679451348     0.0000000000000000       -0.0018392487606208     0.0000000000000000
     0.0005227208744179     0.0000000000000000        0.0073562287460643     0.0000000000000000        0.0010162169360180     0.0000000000000000
    -0.0016352440540206     0.0000000000000000       -0.0023219861597387     0.0000000000000000       -0.0042987771570182     0.0000000000000000
    1   40
     0.0094476431254191     0.0000000000000000       -0.0007915658296449     0.0000000000000000        0.0001739530994532     0.0000000000000000
     0.0051809146677153     0.0000000000000000       -0.0042973445763175     0.0000000000000000        0.0017776823689136     0.0000000000000000
    -0.0042374951265544     0.0000000000000000        0.0024625334028343     0.0000000000000000       -0.0048093653890933     0.0000000000000000
    1   41
    -0.0063043343940012     0.0000000000000000        0.0034594889250817     0.0000000000000000        0.0034382173782731     0.0000000000000000
    -0.0034621876070693     0.0000000000000000        0.0047744949586414     0.0000000000000000        0.0032474947062886     0.0000000000000000
    -0.0032097739989697     0.0000000000000000        0.0027499231552328     0.0000000000000000        0.0047754798817619     0.0000000000000000
    1   42
     0.0048696812233430     0.0000000000000000        0.0054345944360128     0.0000000000000000       -0.0023623709760251     0.0000000000000000
    -0.0028524452183411     0.0000000000000000       -0.0066964031568697     0.0000000000000000        0.0023384565317901     0.0000000000000000
    -0.0032688572548110     0.0000000000000000       -0.0058759793903244     0.0000000000000000        0.0039506998503635     0.0000000000000000
    1   43
    -0.0066964031568697     0.0000000000000000       -0.0028524452183411     0.0000000000000000       -0.0023384565317901     0.0000000000000000
     0.0054345944360128     0.0000000000000000        0.0048696812233430     0.0000000000000000        0.0023623709760251     0.0000000000000000
     0.0058759793903244     0.0000000000000000        0.0032688572548110     0.0000000000000000        0.0039506998503635     0.0000000000000000
    1   44
     0.0047744949586414     0.0000000000000000       -0.0034621876070693     0.0000000000000000        0.0032474947062886     0.0000000000000000
     0.0034594889250817     0.0000000000000000       -0.0063043343940012     0.0000000000000000        0.0034382173782731     0.0000000000000000
     0.0027499231552328     0.0000000000000000       -0.0032097739989697     0.0000000000000000        0.0047754798817619     0.0000000000000000
    1   45
     0.0064518480798452     0.0000000000000000       -0.0029566809789385     0.0000000000000000       -0.0031662544001504     0.0000000000000000
    -0.0029566809789385     0.0000000000000000        0.0064518480798452     0.0000000000000000        0.0031662544001504     0.0000000000000000
    -0.0034069615575888     0.0000000000000000        0.0034069615575888     0.0000000000000000        0.0064555081616339     0.0000000000000000
    1   46
     0.0054574500873367     0.0000000000000000        0.0022046306012140     0.0000000000000000       -0.0018809817898524     0.0000000000000000
     0.0022046306012140     0.0000000000000000        0.0054574500873367     0.0000000000000000       -0.0018809817898524     0.0000000000000000
    -0.0021493693534470     0.0000000000000000       -0.0021493693534470     0.0000000000000000        0.0047242021164194     0.0000000000000000
    1   47
     0.0054574500873367     0.0000000000000000        0.0022046306012140     0.0000000000000000        0.0018809817898524     0.0000000000000000
     0.0022046306012140     0.0000000000000000        0.0054574500873367     0.0000000000000000        0.0018809817898524     0.0000000000000000
     0.0021493693534470     0.0000000000000000        0.0021493693534470     0.0000000000000000        0.0047242021164194     0.0000000000000000
    1   48
     0.0064518480798452     0.0000000000000000       -0.0029566809789385     0.0000000000000000        0.0031662544001504     0.0000000000000000
    -0.0029566809789385     0.0000000000000000        0.0064518480798452     0.0000000000000000       -0.0031662544001504     0.0000000000000000
     0.0034069615575888     0.0000000000000000       -0.0034069615575888     0.0000000000000000        0.0064555081616339     0.0000000000000000
    2    1
    -0.0245116415025195     0.0000000000000000        0.0315620046733568     0.0000000000000000       -0.0270862773231098     0.0000000000000000
     0.0315620046733568     0.0000000000000000       -0.0245116415025195     0.0000000000000000        0.0270862773231098     0.0000000000000000
    -0.0331718185669398     0.0000000000000000        0.0331718185669398     0.0000000000000000       -0.0221603697829762     0.0000000000000000
    2    2
     0.5939420526425397     0.0000000000000000        0.4010084956038018     0.0000000000000000       -0.0000000000000000     0.0000000000000000
     0.4010084956038018     0.0000000000000000        0.5939420526425396     0.0000000000000000       -0.0000000000000000     0.0000000000000000
     0.0000000000000000     0.0000000000000000       -0.0000000000000000     0.0000000000000000        0.6829699939903195     0.0000000000000000
    2    3
     0.0085373346319030     0.0000000000000000       -0.0000000000000000     0.0000000000000000       -0.0000000000000000     0.0000000000000000
    -0.0000000000000000     0.0000000000000000        0.0085373346319030     0.0000000000000000       -0.0000000000000000     0.0000000000000000
     0.0000000000000000     0.0000000000000000       -0.0000000000000000     0.0000000000000000       -0.0202689615884766     0.0000000000000000
    2    4
    -0.0134623761811198     0.0000000000000000       -0.0144061600009785     0.0000000000000000        0.0152500220306422     0.0000000000000000
    -0.0144061600009785     0.0000000000000000       -0.0134623761811198     0.0000000000000000        0.0152500220306422     0.0000000000000000
     0.0152500220306422     0.0000000000000000        0.0152500220306422     0.0000000000000000       -0.0139573052452368     0.0000000000000000
    2    5
    -0.0245116415025195     0.0000000000000000       -0.0315620046733568     0.0000000000000000       -0.0331718185669398     0.0000000000000000
    -0.0315620046733568     0.0000000000000000       -0.0245116415025195     0.0000000000000000       -0.0331718185669398     0.0000000000000000
    -0.0270862773231098     0.0000000000000000       -0.0270862773231098     0.0000000000000000       -0.0221603697829762     0.0000000000000000
    2    6
     0.0106972834703733     0.0000000000000000       -0.0000891143300439     0.0000000000000000       -0.0000000000000000     0.0000000000000000
    -0.0000891143300439     0.0000000000000000       -0.0103853882027946     0.0000000000000000        0.0000000000000000     0.0000000000000000
    -0.0000000000000000     0.0000000000000000       -0.0000000000000000     0.0000000000000000       -0.0095787064379906     0.0000000000000000
    2    7
     0.0078831776286116     0.0000000000000000        0.0005817738393070     0.0000000000000000        0.0000000000000000     0.0000000000000000
    -0.0005817738393070     0.0000000000000000       -0.0232163217550518     0.0000000000000000       -0.0000000000000000     0.0000000000000000
    -0.0000000000000000     0.0000000000000000       -0.0000000000000000     0.0000000000000000        0.0069789605638044     0.0000000000000000
    2    8
    -0.0121120988984158     0.0000000000000000        0.0133641071740431     0.0000000000000000        0.0126359222804494     0.0000000000000000
     0.0133641071740431     0.0000000000000000       -0.0121120988984158     0.0000000000000000       -0.0126359222804494     0.0000000000000000
     0.0126359222804494     0.0000000000000000       -0.0126359222804494     0.0000000000000000       -0.0096987578261437     0.0000000000000000
    2    9
    -0.0245116415025195     0.0000000000000000        0.0315620046733568     0.0000000000000000        0.0270862773231098     0.0000000000000000
     0.0315620046733568     0.0000000000000000       -0.0245116415025195     0.0000000000000000       -0.0270862773231098     0.0000000000000000
     0.0331718185669398     0.0000000000000000       -0.0331718185669398     0.0000000000000000       -0.0221603697829762     0.0000000000000000
    2   10
    -0.0106614041705212     0.0000000000000000        0.0006539092674819     0.0000000000000000        0.0000000000000000     0.0000000000000000
     0.0006539092674819     0.0000000000000000       -0.0106614041705212     0.0000000000000000       -0.0000000000000000     0.0000000000000000
     0.0000000000000000     0.0000000000000000        0.0000000000000000     0.0000000000000000        0.0096409669770171     0.0000000000000000
    2   11
    -0.0132536225662784     0.0000000000000000        0.0000000000000000     0.0000000000000000        0.0000000000000000     0.0000000000000000
     0.0000000000000000     0.0000000000000000       -0.0132536225662784     0.0000000000000000        0.0000000000000000     0.0000000000000000
     0.0000000000000000     0.0000000000000000        0.0000000000000000     0.0000000000000000       -0.0118795023062252     0.0000000000000000
    2   12
    -0.0134623761811198     0.0000000000000000       -0.0144061600009785     0.0000000000000000       -0.0152500220306422     0.0000000000000000
    -0.0144061600009785     0.0000000000000000       -0.0134623761811198     0.0000000000000000       -0.0152500220306422     0.0000000000000000
    -0.0152500220306422     0.0000000000000000       -0.0152500220306422     0.0000000000000000       -0.0139573052452368     0.0000000000000000
    2   13
    -0.0245116415025195     0.0000000000000000       -0.0315620046733568     0.0000000000000000        0.0331718185669398     0.0000000000000000
    -0.0315620046733568     0.0000000000000000       -0.0245116415025195     0.0000000000000000        0.0331718185669398     0.0000000000000000
     0.0270862773231098     0.0000000000000000        0.0270862773231098     0.0000000000000000       -0.0221603697829762     0.0000000000000000
    2   14
    -0.0103853882027946     0.0000000000000000       -0.0000891143300439     0.0000000000000000        0.0000000000000000     0.0000000000000000
    -0.0000891143300439     0.0000000000000000        0.0106972834703733     0.0000000000000000       -0.0000000000000000     0.0000000000000000
    -0.0000000000000000     0.0000000000000000        0.0000000000000000     0.0000000000000000       -0.0095787064379906     0.0000000000000000
    2   15
    -0.0232163217550518     0.0000000000000000       -0.0005817738393070     0.0000000000000000       -0.0000000000000000     0.0000000000000000
     0.0005817738393070     0.0000000000000000        0.0078831776286116     0.0000000000000000       -0.0000000000000000     0.0000000000000000
     0.0000000000000000     0.0000000000000000        0.0000000000000000     0.0000000000000000        0.0069789605638044     0.0000000000000000
    2   16
    -0.0121120988984158     0.0000000000000000        0.0133641071740431     0.0000000000000000       -0.0126359222804494     0.0000000000000000
     0.0133641071740431     0.0000000000000000       -0.0121120988984158     0.0000000000000000        0.0126359222804494     0.0000000000000000
    -0.0126359222804494     0.0000000000000000        0.0126359222804494     0.0000000000000000       -0.0096987578261437     0.0000000000000000
    2   17
     0.0058111530275140     0.0000000000000000       -0.0038604424515714     0.0000000000000000       -0.0064267822734943     0.0000000000000000
    -0.0038604424515714     0.0000000000000000        0.0058111530275140     0.0000000000000000        0.0064267822734943     0.0000000000000000
     0.0033054528065584     0.0000000000000000       -0.0033054528065584     0.0000000000000000       -0.0067950459510010     0.0000000000000000
    2   18
    -0.0063043343940012     0.0000000000000000       -0.0034594889250817     0.0000000000000000        0.0034382173782731     0.0000000000000000
     0.0034621876070693     0.0000000000000000        0.0047744949586414     0.0000000000000000       -0.0032474947062886     0.0000000000000000
    -0.0032097739989697     0.0000000000000000       -0.0027499231552328     0.0000000000000000        0.0047754798817619     0.0000000000000000
    2   19
     0.0047744949586414     0.0000000000000000        0.0034621876070693     0.0000000000000000        0.0032474947062886     0.0000000000000000
    -0.0034594889250817     0.0000000000000000       -0.0063043343940012     0.0000000000000000       -0.0034382173782731     0.0000000000000000
     0.0027499231552328     0.0000000000000000        0.0032097739989697     0.0000000000000000        0.0047754798817619     0.0000000000000000
    2   20
    -0.0035046970207905     0.0000000000000000       -0.0201146996270571     0.0000000000000000        0.0210079744335999     0.0000000000000000
    -0.0201146996270571     0.0000000000000000       -0.0035046970207905     0.0000000000000000       -0.0210079744335999     0.0000000000000000
     0.0212808728256239     0.0000000000000000       -0.0212808728256239     0.0000000000000000        0.0049381261389062     0.0000000000000000
    2   21
    -0.0047306973075727     0.0000000000000000        0.0023881679451348     0.0000000000000000        0.0018392487606208     0.0000000000000000
    -0.0005227208744179     0.0000000000000000        0.0073562287460643     0.0000000000000000        0.0010162169360180     0.0000000000000000
     0.0016352440540206     0.0000000000000000       -0.0023219861597387     0.0000000000000000       -0.0042987771570182     0.0000000000000000
    2   22
    -0.0051340692449728     0.0000000000000000       -0.0026646328967262     0.0000000000000000        0.0038363226873286     0.0000000000000000
    -0.0026646328967262     0.0000000000000000       -0.0051340692449728     0.0000000000000000        0.0038363226873286     0.0000000000000000
    -0.0017224376212564     0.0000000000000000       -0.0017224376212564     0.0000000000000000        0.0071555477404299     0.0000000000000000
    2   23
    -0.0051340692449728     0.0000000000000000       -0.0026646328967262     0.0000000000000000       -0.0038363226873286     0.0000000000000000
    -0.0026646328967262     0.0000000000000000       -0.0051340692449728     0.0000000000000000       -0.0038363226873286     0.0000000000000000
     0.0017224376212564     0.0000000000000000        0.0017224376212564     0.0000000000000000        0.0071555477404299     0.0000000000000000
    2   24
    -0.0047306973075727     0.0000000000000000        0.0023881679451348     0.0000000000000000       -0.0018392487606208     0.0000000000000000
    -0.0005227208744179     0.0000000000000000        0.0073562287460643     0.0000000000000000       -0.0010162169360180     0.0000000000000000
    -0.0016352440540206     0.0000000000000000        0.0023219861597387     0.0000000000000000       -0.0042987771570182     0.0000000000000000
    2   25
    -0.0066964031568697     0.0000000000000000        0.0028524452183411     0.0000000000000000        0.0023384565317901     0.0000000000000000
    -0.0054345944360128     0.0000000000000000        0.0048696812233430     0.0000000000000000        0.0023623709760251     0.0000000000000000
    -0.0058759793903244     0.0000000000000000        0.0032688572548110     0.0000000000000000        0.0039506998503635     0.0000000000000000
    2   26
    -0.2205696199194517     0.0000000000000000       -0.1734219659084001     0.0000000000000000        0.1848348982126665     0.0000000000000000
    -0.1734219659084001     0.0000000000000000       -0.2205696199194517     0.0000000000000000        0.1848348982126666     0.0000000000000000
     0.1571272643052652     0.0000000000000000        0.1571272643052652     0.0000000000000000       -0.2755403100534535     0.0000000000000000
    2   27
    -0.2205696199194516     0.0000000000000000       -0.1734219659084002     0.0000000000000000       -0.1848348982126665     0.0000000000000000
    -0.1734219659084002     0.0000000000000000       -0.2205696199194516     0.0000000000000000       -0.1848348982126665     0.0000000000000000
    -0.1571272643052652     0.0000000000000000       -0.1571272643052652     0.0000000000000000       -0.2755403100534535     0.0000000000000000
    2   28
    -0.0066964031568697     0.0000000000000000        0.0028524452183411     0.0000000000000000       -0.0023384565317901     0.0000000000000000
    -0.0054345944360128     0.0000000000000000        0.0048696812233430     0.0000000000000000       -0.0023623709760251     0.0000000000000000
     0.0058759793903244     0.0000000000000000       -0.0032688572548110     0.0000000000000000        0.0039506998503635     0.0000000000000000
    2   29
     0.0054574500873367     0.0000000000000000       -0.0022046306012140     0.0000000000000000       -0.0018809817898524     0.0000000000000000
    -0.0022046306012140     0.0000000000000000        0.0054574500873367     0.0000000000000000        0.0018809817898524     0.0000000000000000
    -0.0021493693534470     0.0000000000000000        0.0021493693534470     0.0000000000000000        0.0047242021164194     0.0000000000000000
    2   30
    -0.0042973445763175     0.0000000000000000       -0.0051809146677153     0.0000000000000000        0.0017776823689136     0.0000000000000000
     0.0007915658296449     0.0000000000000000        0.0094476431254191     0.0000000000000000       -0.0001739530994532     0.0000000000000000
     0.0024625334028343     0.0000000000000000        0.0042374951265544     0.0000000000000000       -0.0048093653890933     0.0000000000000000
    2   31
     0.0094476431254191     0.0000000000000000        0.0007915658296449     0.0000000000000000        0.0001739530994532     0.0000000000000000
    -0.0051809146677153     0.0000000000000000       -0.0042973445763175     0.0000000000000000       -0.0017776823689136     0.0000000000000000
    -0.0042374951265544     0.0000000000000000       -0.0024625334028343     0.0000000000000000       -0.0048093653890933     0.0000000000000000
    2   32
    -0.0043966950431582     0.0000000000000000        0.0018539013774757     0.0000000000000000       -0.0022861769973641     0.0000000000000000
