Dynamical matrix file
File generated with the CellConstructor by Lorenzo Monacelli
1 1 0     1.8897259890000000     0.0000000000000000     0.0000000000000000     0.0000000000000000     0.0000000000000000     0.0000000000000000
Basis vectors
    2.9495460300000000     0.0000000000000000     0.0000000000000000
    1.4747730150000002     2.5543817916115379     0.0000000000000000
    1.4747730150000002     0.8514605972038461     2.4082942487839478
	1  'Au '  179524.0513667391205672
    1     1    -0.0000000000000005    -0.0000000000000004     0.0000000000000001

     Dynamical Matrix in cartesian axes

     q = (     0.113011741449     0.065247359347    -0.092273700498 )

    1    1
     0.0701129502555849     0.0000000000000000        0.0189946483560422     0.0000000000000000       -0.0268856496269349     0.0000000000000000
     0.0189946483560422     0.0000000000000000        0.0481798195725383     0.0000000000000000       -0.0155224370494488     0.0000000000000000
    -0.0268856496269349     0.0000000000000000       -0.0155224370494488     0.0000000000000000        0.0597483651692390     0.0000000000000000

     Dynamical Matrix in cartesian axes

     q = (     0.113011741449    -0.065247359347     0.092273700498 )

    1    1
     0.0701129502555849     0.0000000000000000       -0.0189946483560422     0.0000000000000000        0.0268856496269349     0.0000000000000000
    -0.0189946483560422     0.0000000000000000        0.0481798195725383     0.0000000000000000       -0.0155224370494488     0.0000000000000000
     0.0268856496269349     0.0000000000000000       -0.0155224370494488     0.0000000000000000        0.0597483651692390     0.0000000000000000

     Dynamical Matrix in cartesian axes

     q = (    -0.113011741449     0.065247359347    -0.092273700498 )

    1    1
     0.0701129502555849     0.0000000000000000       -0.0189946483560422     0.0000000000000000        0.0268856496269349     0.0000000000000000
    -0.0189946483560422     0.0000000000000000        0.0481798195725383     0.0000000000000000       -0.0155224370494488     0.0000000000000000
     0.0268856496269349     0.0000000000000000       -0.0155224370494488     0.0000000000000000        0.0597483651692390     0.0000000000000000

     Dynamical Matrix in cartesian axes

     q = (     0.000000000000    -0.130494718694    -0.092273700498 )

    1    1
     0.0372132542310151     0.0000000000000000       -0.0000000000000000     0.0000000000000000        0.0000000000000000     0.0000000000000000
    -0.0000000000000000     0.0000000000000000        0.0810795155971081     0.0000000000000000        0.0310448740988976     0.0000000000000000
     0.0000000000000000     0.0000000000000000        0.0310448740988976     0.0000000000000000        0.0597483651692390     0.0000000000000000

     Dynamical Matrix in cartesian axes

     q = (    -0.113011741449    -0.065247359347     0.092273700498 )

    1    1
     0.0701129502555849     0.0000000000000000        0.0189946483560422     0.0000000000000000       -0.0268856496269349     0.0000000000000000
     0.0189946483560422     0.0000000000000000        0.0481798195725383     0.0000000000000000       -0.0155224370494488     0.0000000000000000
    -0.0268856496269349     0.0000000000000000       -0.0155224370494488     0.0000000000000000        0.0597483651692390     0.0000000000000000

     Dynamical Matrix in cartesian axes

     q = (     0.000000000000     0.130494718694     0.092273700498 )

    1    1
     0.0372132542310151     0.0000000000000000       -0.0000000000000000     0.0000000000000000        0.0000000000000000     0.0000000000000000
    -0.0000000000000000     0.0000000000000000        0.0810795155971081     0.0000000000000000        0.0310448740988976     0.0000000000000000
     0.0000000000000000     0.0000000000000000        0.0310448740988976     0.0000000000000000        0.0597483651692390     0.0000000000000000

     Diagonalizing the dynamical matrix

     q = (     0.113011741449     0.065247359347    -0.092273700498 )

***************************************************************************
   freq (    1) =     1.49783088 [THz] =    49.96225298 [cm-1]
(  -0.500000  0.000000   0.866025  0.000000  -0.000000  0.000000 )
   freq (    2) =     1.50535485 [THz] =    50.21322557 [cm-1]
(  -0.503148  0.000000  -0.290492  0.000000  -0.813914  0.000000 )
   freq (    3) =     2.49481062 [THz] =    83.21791280 [cm-1]
(  -0.704871  0.000000  -0.406957  0.000000   0.580985  0.000000 )
***************************************************************************
