Dynamical matrix file
File generated with the CellConstructor by Lorenzo Monacelli
1 1 0     1.8897259890000000     0.0000000000000000     0.0000000000000000     0.0000000000000000     0.0000000000000000     0.0000000000000000
Basis vectors
    2.9495460300000000     0.0000000000000000     0.0000000000000000
    1.4747730150000002     2.5543817916115379     0.0000000000000000
    1.4747730150000002     0.8514605972038461     2.4082942487839478
	1  'Au '  179524.0513667391205672
    1     1    -0.0000000000000005    -0.0000000000000004     0.0000000000000001

     Dynamical Matrix in cartesian axes

     q = (     0.113011741449     0.195742078041    -0.000000000000 )

    1    1
     0.0595873739573242     0.0000000000000000        0.0053374983350989     0.0000000000000000        0.0131376680332556     0.0000000000000000
     0.0053374983350989     0.0000000000000000        0.0657505861584613     0.0000000000000000       -0.0075850361755240     0.0000000000000000
     0.0131376680332556     0.0000000000000000       -0.0075850361755240     0.0000000000000000        0.0481061546060687     0.0000000000000000

     Dynamical Matrix in cartesian axes

     q = (     0.113011741449    -0.195742078041    -0.000000000000 )

    1    1
     0.0595873739573242     0.0000000000000000       -0.0053374983350990     0.0000000000000000       -0.0131376680332556     0.0000000000000000
    -0.0053374983350990     0.0000000000000000        0.0657505861584613     0.0000000000000000       -0.0075850361755240     0.0000000000000000
    -0.0131376680332556     0.0000000000000000       -0.0075850361755240     0.0000000000000000        0.0481061546060687     0.0000000000000000

     Dynamical Matrix in cartesian axes

     q = (    -0.226023482897     0.000000000000     0.000000000000 )

    1    1
     0.0688321922590299     0.0000000000000000       -0.0000000000000000     0.0000000000000000       -0.0000000000000000     0.0000000000000000
    -0.0000000000000000     0.0000000000000000        0.0565057678567556     0.0000000000000000        0.0151700723510481     0.0000000000000000
     0.0000000000000000     0.0000000000000000        0.0151700723510481     0.0000000000000000        0.0481061546060687     0.0000000000000000

     Dynamical Matrix in cartesian axes

     q = (    -0.113011741449    -0.195742078041     0.000000000000 )

    1    1
     0.0595873739573242     0.0000000000000000        0.0053374983350989     0.0000000000000000        0.0131376680332556     0.0000000000000000
     0.0053374983350989     0.0000000000000000        0.0657505861584613     0.0000000000000000       -0.0075850361755240     0.0000000000000000
     0.0131376680332556     0.0000000000000000       -0.0075850361755240     0.0000000000000000        0.0481061546060687     0.0000000000000000

     Dynamical Matrix in cartesian axes

     q = (    -0.113011741449     0.195742078041     0.000000000000 )

    1    1
     0.0595873739573242     0.0000000000000000       -0.0053374983350990     0.0000000000000000       -0.0131376680332556     0.0000000000000000
    -0.0053374983350990     0.0000000000000000        0.0657505861584613     0.0000000000000000       -0.0075850361755240     0.0000000000000000
    -0.0131376680332556     0.0000000000000000       -0.0075850361755240     0.0000000000000000        0.0481061546060687     0.0000000000000000

     Dynamical Matrix in cartesian axes

     q = (     0.226023482897     0.000000000000    -0.000000000000 )

    1    1
     0.0688321922590299     0.0000000000000000       -0.0000000000000000     0.0000000000000000       -0.0000000000000000     0.0000000000000000
    -0.0000000000000000     0.0000000000000000        0.0565057678567556     0.0000000000000000        0.0151700723510481     0.0000000000000000
     0.0000000000000000     0.0000000000000000        0.0151700723510481     0.0000000000000000        0.0481061546060687     0.0000000000000000

     Diagonalizing the dynamical matrix

     q = (     0.113011741449     0.195742078041    -0.000000000000 )

***************************************************************************
   freq (    1) =     1.48473288 [THz] =    49.52535082 [cm-1]
(  -0.524352  0.000000   0.302735  0.000000   0.795868  0.000000 )
   freq (    2) =     2.02543051 [THz] =    67.56107991 [cm-1]
(   0.689242  0.000000  -0.397934  0.000000   0.605470  0.000000 )
   freq (    3) =     2.03708783 [THz] =    67.94992629 [cm-1]
(  -0.500000  0.000000  -0.866025  0.000000   0.000000  0.000000 )
***************************************************************************
