Dynamical matrix file
File generated with the CellConstructor by Lorenzo Monacelli
1 1 0     1.8897259890000000     0.0000000000000000     0.0000000000000000     0.0000000000000000     0.0000000000000000     0.0000000000000000
Basis vectors
    2.9495460300000000     0.0000000000000000     0.0000000000000000
    1.4747730150000002     2.5543817916115379     0.0000000000000000
    1.4747730150000002     0.8514605972038461     2.4082942487839478
	1  'Au '  179524.0513667391205672
    1     1    -0.0000000000000005    -0.0000000000000004     0.0000000000000001

     Dynamical Matrix in cartesian axes

     q = (     0.113011741449    -0.065247359347    -0.046136850249 )

    1    1
     0.0649166222729666     0.0000000000000000       -0.0271634234674557     0.0000000000000000       -0.0190029278639059     0.0000000000000000
    -0.0271634234674557     0.0000000000000000        0.0335510025708719     0.0000000000000000        0.0109713455176171     0.0000000000000000
    -0.0190029278639059     0.0000000000000000        0.0109713455176171     0.0000000000000000        0.0263077621127572     0.0000000000000000

     Dynamical Matrix in cartesian axes

     q = (     0.113011741449     0.065247359347     0.046136850249 )

    1    1
     0.0649166222729666     0.0000000000000000        0.0271634234674557     0.0000000000000000        0.0190029278639059     0.0000000000000000
     0.0271634234674557     0.0000000000000000        0.0335510025708719     0.0000000000000000        0.0109713455176171     0.0000000000000000
     0.0190029278639058     0.0000000000000000        0.0109713455176171     0.0000000000000000        0.0263077621127572     0.0000000000000000

     Dynamical Matrix in cartesian axes

     q = (     0.000000000000     0.130494718694    -0.046136850249 )

    1    1
     0.0178681927198245     0.0000000000000000       -0.0000000000000000     0.0000000000000000       -0.0000000000000000     0.0000000000000000
    -0.0000000000000000     0.0000000000000000        0.0805994321240140     0.0000000000000000       -0.0219426910352342     0.0000000000000000
    -0.0000000000000000     0.0000000000000000       -0.0219426910352342     0.0000000000000000        0.0263077621127572     0.0000000000000000

     Dynamical Matrix in cartesian axes

     q = (    -0.113011741449    -0.065247359347    -0.046136850249 )

    1    1
     0.0649166222729666     0.0000000000000000        0.0271634234674557     0.0000000000000000        0.0190029278639059     0.0000000000000000
     0.0271634234674557     0.0000000000000000        0.0335510025708719     0.0000000000000000        0.0109713455176171     0.0000000000000000
     0.0190029278639058     0.0000000000000000        0.0109713455176171     0.0000000000000000        0.0263077621127572     0.0000000000000000

     Dynamical Matrix in cartesian axes

     q = (     0.000000000000    -0.130494718694     0.046136850249 )

    1    1
     0.0178681927198245     0.0000000000000000       -0.0000000000000000     0.0000000000000000       -0.0000000000000000     0.0000000000000000
    -0.0000000000000000     0.0000000000000000        0.0805994321240140     0.0000000000000000       -0.0219426910352342     0.0000000000000000
    -0.0000000000000000     0.0000000000000000       -0.0219426910352342     0.0000000000000000        0.0263077621127572     0.0000000000000000

     Dynamical Matrix in cartesian axes

     q = (    -0.113011741449     0.065247359347     0.046136850249 )

    1    1
     0.0649166222729666     0.0000000000000000       -0.0271634234674557     0.0000000000000000       -0.0190029278639059     0.0000000000000000
    -0.0271634234674557     0.0000000000000000        0.0335510025708719     0.0000000000000000        0.0109713455176171     0.0000000000000000
    -0.0190029278639059     0.0000000000000000        0.0109713455176171     0.0000000000000000        0.0263077621127572     0.0000000000000000

     Diagonalizing the dynamical matrix

     q = (     0.113011741449    -0.065247359347    -0.046136850249 )

***************************************************************************
   freq (    1) =     1.03789703 [THz] =    34.62051333 [cm-1]
(   0.500000  0.000000   0.866025  0.000000  -0.000000  0.000000 )
   freq (    2) =     1.05746572 [THz] =    35.27325460 [cm-1]
(   0.288726  0.000000  -0.166696  0.000000   0.942788  0.000000 )
   freq (    3) =     2.30801714 [THz] =    76.98715390 [cm-1]
(  -0.816479  0.000000   0.471394  0.000000   0.333392  0.000000 )
***************************************************************************
