Dynamical matrix file
File generated with the CellConstructor by Lorenzo Monacelli
1 1 0     1.8897259890000000     0.0000000000000000     0.0000000000000000     0.0000000000000000     0.0000000000000000     0.0000000000000000
Basis vectors
    2.9495460300000000     0.0000000000000000     0.0000000000000000
    1.4747730150000002     2.5543817916115379     0.0000000000000000
    1.4747730150000002     0.8514605972038461     2.4082942487839478
	1  'Au '  179524.0513667391205672
    1     1    -0.0000000000000005    -0.0000000000000004     0.0000000000000001

     Dynamical Matrix in cartesian axes

     q = (     0.113011741449     0.065247359347     0.184547400995 )

    1    1
     0.0596773656905550     0.0000000000000000        0.0136154504113663     0.0000000000000000        0.0000965014665700     0.0000000000000000
     0.0136154504113663     0.0000000000000000        0.0439555977702744     0.0000000000000000        0.0000557151477014     0.0000000000000000
     0.0000965014665700     0.0000000000000000        0.0000557151477014     0.0000000000000000        0.0696635635940532     0.0000000000000000

     Dynamical Matrix in cartesian axes

     q = (     0.113011741449    -0.065247359347    -0.184547400995 )

    1    1
     0.0596773656905550     0.0000000000000000       -0.0136154504113663     0.0000000000000000       -0.0000965014665700     0.0000000000000000
    -0.0136154504113663     0.0000000000000000        0.0439555977702744     0.0000000000000000        0.0000557151477014     0.0000000000000000
    -0.0000965014665700     0.0000000000000000        0.0000557151477014     0.0000000000000000        0.0696635635940532     0.0000000000000000

     Dynamical Matrix in cartesian axes

     q = (    -0.113011741449     0.065247359347     0.184547400995 )

    1    1
     0.0596773656905550     0.0000000000000000       -0.0136154504113663     0.0000000000000000       -0.0000965014665700     0.0000000000000000
    -0.0136154504113663     0.0000000000000000        0.0439555977702744     0.0000000000000000        0.0000557151477014     0.0000000000000000
    -0.0000965014665700     0.0000000000000000        0.0000557151477014     0.0000000000000000        0.0696635635940532     0.0000000000000000

     Dynamical Matrix in cartesian axes

     q = (     0.000000000000    -0.130494718694     0.184547400995 )

    1    1
     0.0360947138101341     0.0000000000000000       -0.0000000000000000     0.0000000000000000        0.0000000000000000     0.0000000000000000
    -0.0000000000000000     0.0000000000000000        0.0675382496506954     0.0000000000000000       -0.0001114302954028     0.0000000000000000
    -0.0000000000000000     0.0000000000000000       -0.0001114302954028     0.0000000000000000        0.0696635635940532     0.0000000000000000

     Dynamical Matrix in cartesian axes

     q = (    -0.113011741449    -0.065247359347    -0.184547400995 )

    1    1
     0.0596773656905550     0.0000000000000000        0.0136154504113663     0.0000000000000000        0.0000965014665700     0.0000000000000000
     0.0136154504113663     0.0000000000000000        0.0439555977702744     0.0000000000000000        0.0000557151477014     0.0000000000000000
     0.0000965014665700     0.0000000000000000        0.0000557151477014     0.0000000000000000        0.0696635635940532     0.0000000000000000

     Dynamical Matrix in cartesian axes

     q = (     0.000000000000     0.130494718694    -0.184547400995 )

    1    1
     0.0360947138101341     0.0000000000000000       -0.0000000000000000     0.0000000000000000        0.0000000000000000     0.0000000000000000
    -0.0000000000000000     0.0000000000000000        0.0675382496506954     0.0000000000000000       -0.0001114302954028     0.0000000000000000
    -0.0000000000000000     0.0000000000000000       -0.0001114302954028     0.0000000000000000        0.0696635635940532     0.0000000000000000

     Diagonalizing the dynamical matrix

     q = (     0.113011741449     0.065247359347     0.184547400995 )

***************************************************************************
   freq (    1) =     1.47514855 [THz] =    49.20565196 [cm-1]
(  -0.500000  0.000000   0.866025  0.000000   0.000000  0.000000 )
   freq (    2) =     2.01776285 [THz] =    67.30531423 [cm-1]
(   0.864844  0.000000   0.499318  0.000000  -0.052215  0.000000 )
   freq (    3) =     2.04943882 [THz] =    68.36191073 [cm-1]
(   0.045220  0.000000   0.026108  0.000000   0.998636  0.000000 )
***************************************************************************
